0.782
0.78
0.779
0.776
0.777
0.77
0.781
0.782
0.781
0.783
0.788
0.788
0.781
0.78
0.778
0.775
0.774
0.777
0.778
0.775
0.776
0.777
0.777
0.779
0.784
0.794
0.794
0.795
0.797
0.8
0.803
0.806
0.808
0.813
0.825
0.84
0.844
0.853
0.86
0.889
0.861
0.866
0.873
0.888
0.89
0.899
0.909
0.916
0.933
0.94
0.941
0.949
0.961
0.989
1.007
1.051
1.035
1.042
1.052
1.093
1.066
1.064
1.074
1.089
1.098
1.121
1.139
1.153
1.168
1.176
1.179
1.181
1.173
1.142
1.143
1.164
1.187
1.222
1.236
1.248
1.128
1.233
1.246
1.257
1.265
1.268
1.267
1.259
1.236
1.236
1.226
1.232
1.251
1.258
1.305
1.298
1.309
1.315
1.332
1.352
1.376
1.393
1.383
1.383
1.393
1.415
1.435
1.466
1.517
1.583
1.603
1.636
1.649
1.64
1.636
1.621
1.625
1.625
1.635
1.651
1.662
1.685
1.703
1.725
1.7
1.688
1.718
1.722
1.729
1.728
1.686
1.656
1.666
1.635
1.581
1.571
1.596
1.608
1.607
1.573
1.498
1.457
1.448
1.449
1.461
1.512
1.573
1.599
1.567
1.533
1.49
1.479
1.467
1.473
1.446
1.425
1.383
1.341
1.347
1.327
1.301
1.287
1.318
1.337
1.38
1.39
1.416
1.472
1.383
1.352
1.35
1.346
1.341
1.249
1.353
1.352
1.346
1.342
1.339
1.33
1.322
1.306
1.308
1.308
1.306
1.291
1.257
1.228
1.221
1.194
1.178
1.189
1.217
1.283
1.307
1.309
1.289
1.281
1.294
1.297
1.306
1.326
1.348
1.368
1.383
1.385
1.383
1.392
1.407
1.402
1.399
1.397
1.386
1.36
1.333
1.308
1.349
1.363
1.369
1.364
1.375
1.382
1.397
1.395
1.373
1.378
1.366
1.369
1.367
1.362
1.354
1.35
1.352
1.355
1.343
1.309
1.273
1.297
1.313
1.317
1.312
1.309
1.287
1.257
1.23
1.197
1.198
1.21
1.223
1.236
1.217
1.217
1.198
1.173
1.144
1.135
1.165
1.204
1.236
1.266
1.289
1.292
1.268
1.211
1.229
1.254
1.297
1.335
1.322
1.339
1.368
1.369
1.364
1.347
1.322
1.327
1.326
1.32
1.334
1.334
1.331
1.33
1.379
1.334
1.33
1.337
1.337
1.347
1.384
1.408
1.412
1.412
1.396
1.383
1.359
1.359
1.347
1.358
1.362
1.359
1.394
1.388
1.355
1.282
1.346
1.334
1.301
1.323
1.342
1.37
1.385
1.387
1.407
1.374
1.356
1.373
1.332
1.32
1.334
1.349
1.366
1.369
1.365
1.386
1.393
1.387
1.388
1.371
1.376
1.377
1.376
1.376
1.373
1.355
1.337
1.289
1.247
1.279
1.26
1.188
1.132
1.124
1.189
1.25
1.25
1.233
1.205
1.18
1.194
1.198
1.204
1.212
1.213
1.223
1.226
1.223
1.222
1.225
1.225
1.217
1.21
1.217
1.203
1.194
1.19
1.183
1.181
1.182
1.173
1.159
1.159
1.161
1.16
1.167
1.2
1.22
1.208
1.196
1.184
1.179
1.176
1.186
1.2
1.207
1.231
1.244
1.282
1.33
1.323
1.313
1.34
1.349
1.343
1.357
1.363
1.375
1.37
1.352
1.325
1.335
1.329
1.336
1.331
1.316
1.315
1.304
1.283
1.259
1.232
1.247
1.274
1.286
1.301
1.288
1.288
1.293
1.298
1.294
1.295
1.29
1.285
1.287
1.286
1.289
1.294
1.265
1.254
1.255
1.238
1.228
1.193
1.155
1.199
1.208
1.218
1.202
1.181
1.172
1.169
1.165
1.174
1.188
1.212
1.241
1.227
1.191
1.203
1.206
1.212
1.219
1.216
1.227
1.226
1.229
1.236
1.228
1.207
1.201
1.203
1.194
1.187
1.184
1.18
1.186
1.187
1.187
1.189
1.2
1.209
1.209
1.194
1.173
1.147
1.124
1.107
1.115
1.123
1.135
1.137
1.148
1.153
1.149
1.145
1.124
1.119
1.113
1.108
1.11
1.108
1.111
1.119
1.122
1.133
1.149
1.159
1.174
1.175
1.176
1.167
1.164
1.196
1.204
1.22
1.123
1.219
1.221
1.23
1.233
1.23
1.234
1.245
1.255
1.225
1.258
1.259
1.258
1.26
1.269
1.284
1.296
1.324
1.357
1.367
1.371
1.371
1.36
1.319
1.297
1.314
1.343
1.379
1.381
1.376
1.382
1.376
1.393
1.432
1.422
1.426
1.424
1.428
1.432
1.45
1.448
1.451
1.461
1.466
1.471
1.463
1.471
1.485
1.482
1.49
1.46
1.424
1.445
1.458
1.479
1.472
1.465
1.472
1.477
1.482
1.483
1.477
1.471
1.467
1.459
1.458
1.456
1.448
1.443
1.418
1.388
1.385
1.393
1.406
1.395
1.38
1.35
1.322
1.314
1.321
1.364
1.401
1.396
1.387
1.382
1.383
1.395
1.399
1.402
1.398
1.403
1.406
1.395
1.391
1.371
1.343
1.31
1.338
1.361
1.347
1.342
1.327
1.31
1.304
1.303
1.302
1.309
1.307
1.305
1.298
1.282
1.27
1.284
1.293
1.315
1.323
1.323
1.32
1.314
1.312
1.318
1.312
1.305
1.298
1.301
1.298
1.284
1.27
1.239
1.243
1.238
1.226
1.225
1.222
1.228
1.228
1.226
1.213
1.218
1.224
1.228
1.227
1.22
1.228
1.23
1.226
1.223
1.214
1.197
1.195
1.198
1.183
1.165
1.161
1.157
1.147
1.146
1.12
1.09
1.055
1.024
1.008
1.034
1.089
1.095
1.087
1.06
1.058
1.068
1.096
1.096
1.099
1.106
1.108
1.101
1.087
1.073
1.071
1.073
1.083
1.066
1.06
1.059
1.058
1.054
1.039
1.032
1.028
1.031
1.025
1.021
1.016
1.007
1.078
1.01
1.012
1.001
1.006
1.006
1.01
1.04
1.023
1.01
1.012
0.996
0.99
0.975
0.973
0.976
0.976
0.979
0.98
0.971
0.969
0.96
0.955
0.949
0.988
0.997
0.99
0.976
0.961
0.935
0.916
0.912
0.899
0.889
0.879
0.878
0.884
0.884
0.895
0.89
0.89
0.885
0.884
0.881
0.87
0.867
0.86
0.856
0.862
0.849
0.842
0.832
0.825
0.814
0.807
0.8
0.786
0.78
0.767
0.765
0.769
0.804
0.83
0.87
0.917
0.901
0.897
0.902
0.871
0.873
0.917
0.936
0.957
0.95
0.933
0.927
0.929
0.93
0.935
0.935
0.936
0.936
0.944
0.95
0.952
0.955
0.948
0.936
0.948
0.935
0.906
0.895
0.88
0.859
0.844
0.848
0.82
0.812
0.81
0.807
0.802
0.8
0.79
0.783
0.775
0.768
0.769
0.764
0.771
0.769
0.764
0.76
0.753
0.743
0.736
0.725
0.721
0.714
0.708
0.699
0.697
0.877
0.855
0.801
0.775
0.762
0.761
0.786
0.792
0.829
0.874
0.915
0.949
1.004
0.956
0.96
0.939
0.943
0.911
0.882
0.854
0.842
0.849
0.818
0.778
0.795
0.79
0.795
0.795
0.777
0.77
0.761
0.749
0.745
0.744
0.744
0.736
0.732
0.727
0.721
0.705
0.686
0.663
0.644
0.637
0.626
0.617
0.601
0.602
0.612
0.615
0.617
0.625
0.624
0.611
0.601
0.593
0.589
0.584
0.572
0.571
0.567
0.564
0.561
0.552
0.544
0.528
0.52
0.516
0.503
0.496
0.49
0.49
0.487
0.487
0.482
0.485
0.481
0.492
0.509
0.515
0.527
0.545
0.548
0.55
0.534
0.555
0.552
0.553
0.56
0.561
0.561
0.566
0.557
0.555
0.556
0.557
0.558
0.555
0.554
0.548
0.538
0.533
0.526
0.524
0.524
0.521
0.524
0.524
0.522
0.52
0.519
0.519
0.521
0.517
0.514
0.501
0.492
0.481
0.487
0.492
0.487
0.483
0.482
0.52
0.54
0.527
0.54
0.539
0.537
0.537
0.542
0.536
0.558
0.549
0.548
0.547
0.564
0.671
0.751
0.769
0.734
0.717
0.719
0.714
0.686
0.654
0.628
0.601
0.588
0.585
0.593
0.6
0.612
0.617
0.623
0.625
0.63
0.626
0.642
0.647
0.649
0.647
0.646
0.613
0.655
0.672
0.671
0.67
0.672
0.676
0.674
0.689
0.681
0.689
0.688
0.693
0.707
0.736
0.761
0.766
0.766
0.753
0.74
0.721
0.736
0.752
0.756
0.72
0.697
0.687
0.669
0.647
0.656
0.641
0.648
0.648
0.658
0.664
0.678
0.668
0.66
0.654
0.659
0.656
0.66
0.66
0.676
0.671
0.662
0.66
0.656
0.67
0.669
0.67
0.684
0.696
0.72
0.735
0.747
0.747
0.741
0.74
0.736
0.737
0.739
0.738
0.755
0.793
0.817
0.801
0.805
0.801
0.799
0.809
0.817
0.83
0.837
0.838
0.843
0.848
0.853
0.858
0.87
0.874
0.862
0.875
0.883
0.865
0.885
0.894
0.891
0.887
0.891
0.888
0.89
0.881
0.868
0.868
0.853
0.842
0.831
0.821
0.823
0.824
0.82
0.826
0.829
0.829
0.837
0.854
0.869
0.868
0.877
0.886
0.887
0.874
0.865
0.859
0.867
0.872
0.873
0.884
0.891
0.902
0.908
0.906
0.911
0.916
0.918
0.914
0.912
0.926
0.929
0.933
0.939
0.943
0.953
0.974
0.99
1.013
1.048
1.054
1.062
1.061
1.045
1.055
1.063
1.074
1.083
1.098
1.078
1.08
1.087
1.109
1.119
1.145
1.202
1.236
1.239
1.244
1.274
1.322
1.362
1.361
1.34
1.34
1.363
1.407
1.453
1.476
1.434
1.421
1.421
1.424
1.436
1.442
1.469
1.47
1.479
1.502
1.548
1.567
1.635
1.703
1.658
1.653
1.647
1.603
1.592
1.579
1.583
1.595
1.598
1.604
1.598
1.591
1.583
1.569
1.554
1.494
1.466
1.474
1.524
1.552
1.554
1.52
1.52
1.523
1.524
1.528
1.526
1.53
1.553
1.55
1.558
1.571
1.575
1.58
1.579
1.568
1.575
1.574
1.621
1.643
1.654
1.687
1.749
1.804
1.86
1.938
1.894
1.891
1.907
1.949
1.999
2.013
1.976
1.983
1.971
1.988
2.011
2.036
2.058
2.073
2.048
2.05
2.067
2.094
2.087
2.084
2.05
2.036
1.995
1.969
1.987
2.002
2.016
2.019
2.052
2.053
2.033
2.015
1.971
1.954
1.966
1.985
2.015
2.009
1.994
1.989
1.989
1.989
1.989
1.997
2.017
2.025
2.037
2.033
2.044
2.046
2.048
2.067
2.092
2.115
2.128
2.17
2.223
2.238
2.237
2.227
2.252
2.28
2.303
2.314
2.373
2.414
2.452
2.392
2.397
2.481
2.564
2.58
2.549
2.582
2.658
2.631
2.608
2.693
2.771
2.848
2.826
2.879
3.103
3.157
3.126
3.103
3.221
3.306
3.375
3.462
3.562
3.64
3.722
3.577
3.553
3.393
3.304
3.364
3.423
3.494
3.53
3.655
3.757
3.783
3.875
3.96
4.026
4.047
4.079
4.032
3.935
3.94
3.934
3.744
3.676
3.729
3.866
3.952
3.911
3.784
3.65
3.597
3.48
3.355
3.417
3.484
3.478
3.332
3.316
3.33
3.35
3.208
3.014
2.826
2.585
2.848
2.808
2.654
2.55
2.614
2.613
2.697
2.783
2.864
2.851
2.808
2.807
2.808
2.859
2.885
2.945
3.037
3.108
3.019
2.877
2.904
2.948
2.968
2.915
2.952
2.959
2.986
3.023
3.073
3.058
3.075
3.092
3.125
3.144
3.173
3.213
3.282
3.288
3.259
3.181
3.254
3.354
3.358
3.35
3.364
3.408
3.463
3.424
3.398
3.399
3.418
3.408
3.383
3.277
3.234
3.245
3.23
3.172
3.125
3.092
3.096
3.105
3.065
3.047
3.025
2.995
3.076
3.131
3.187
3.161
3.128
3.155
3.175
3.157
3.152
3.175
3.177
3.212
3.259
3.302
3.34
3.355
3.431
3.474
3.428
3.489
3.534
3.582
3.642
3.764
3.83
3.761
3.767
3.887
3.878
3.83
3.879
3.912
3.944
3.901
3.878
3.868
3.885
3.932
3.993
4.007
4.038
4.079
4.129
4.1
4.105
4.123
4.184
4.246
4.26
4.264
4.284
4.46
4.405
4.322
4.381
4.439
4.366
4.22
4.203
4.253
4.26
4.219
4.19
4.18
4.292
4.343
4.353
4.316
4.208
4.119
4.053
3.992
4.072
4.154
4.066
4.024
3.932
3.969
3.997
3.968
4.013
4.098
4.206
4.172
4.204
4.147
4.208
4.207
4.191
4.244
4.227
4.182
4.173
4.194
4.242
4.216
4.202
4.199
4.2
4.189
4.162
4.177
4.214
4.209
4.213
4.192
4.127
4.045
3.95
4.016
3.976
3.923
3.978
4.078
4.017
4.002
4.038
3.981
3.87
3.802
3.673
3.534
3.596
3.653
3.666
3.679
3.695
3.68
3.67
3.65
3.589
3.525
3.493
3.54
3.601
3.637
3.64
3.672
3.71
3.761
3.757
3.75
3.762
3.823
3.829
3.94
4.069
4.143
4.18
4.097
4.169
4.302
4.349
4.255
4.273
4.3
4.212
4.202
4.172
4.214
4.234
4.171
4.124
4.134
3.868
3.946
3.86
3.894
3.988
4.104
4.22
4.278
4.245
4.212
4.239
4.274
4.369
4.396
4.358
4.352
4.445
4.452
4.484
4.616
4.607
4.586
4.603
4.563
4.549
4.631
4.695
4.716
4.756
4.824
4.727
4.812
4.819
4.818
4.81
4.806
4.824
4.879
4.954
4.948
4.933
4.932
4.836
4.853
4.851
4.824
4.776
4.688
4.655
4.684
4.697
4.653
4.534
4.471
4.554
4.597
4.627
4.669
4.659
4.673
4.699
4.706
4.75
4.801
4.818
4.868
4.846
4.94
4.967
4.972
4.967
4.944
4.916
4.924
4.95
4.958
4.943
4.883
4.841
4.83
4.868
4.902
4.93
4.926
4.944
4.981
5.001
5.027
4.953
4.95
4.98
5.083
5.206
5.43
5.624
5.642
5.822
5.716
5.698
5.776
5.763
5.692
5.749
5.858
5.86
5.922
5.902
5.987
6.06
6.129
6.342
6.447
6.391
6.397
6.426
6.515
6.606
6.653
6.586
6.679
6.743
6.78
6.941
7.069
7.182
7.1
6.984
6.919
6.978
6.952
6.85
6.799
6.759
6.888
6.953
7.069
7.174
7.267
7.286
7.301
7.321
7.406
7.472
7.493
7.594
7.754
7.842
7.915
7.887
7.814
7.828
7.905
8.058
8.216
8.258
8.275
8.488
8.635
8.775
9.085
9.395
9.609
9.907
9.972
9.503
9.057
9.302
9.648
9.808
9.787
9.519
9.616
9.604
9.566
9.525
9.583
9.599
9.622
9.913
10.359
10.766
10.832
10.766
10.768
10.948
11.237
11.282
11.357
11.445
11.369
11.254
10.915
10.974
10.951
10.819
10.674
10.618
10.643
10.738
11.06
11.197
11.082
10.872
10.826
10.978
11.862
12.207
12.198
12.135
12.329
12.862
13.617
13.418
13.249
13.078
13.509
13.941
13.73
13.724
13.404
13.674
13.959
14.204
13.986
13.773
13.599
13.548
13.873
14.129
14.533
15.026
15.194
14.639
14.341
14.819
14.711
14.706
14.753
14.708
14.374
14.191
14.15
13.762
13.436
12.986
12.893
13.285
13.077
12.746
12.605
12.554
12.639
12.579
12.632
12.745
13.156
13.21
13.399
13.451
13.378
13.382
13.275
13.237
13.223
13.084
12.939
13.013
12.994
13.012
12.953
12.712
12.403
12.244
12.17
12.514
12.757
12.799
12.806
12.924
12.846
12.66
12.802
12.883
12.706
12.749
12.877
12.978
12.855
12.876
12.992
13.077
13.218
13.383
13.382
13.426
13.464
13.559
13.701
13.871
14.263
14.646
14.677
14.431
14.035
14.202
14.136
14.985
15.295
15.584
15.696
15.579
15.45
15.224
15.34
15.18
14.994
15.03
14.957
15.113
15.475
15.602
15.934
15.998
15.942
15.916
15.822
15.917
15.808
15.855
15.829
15.819
15.631
15.866
16.107
16.205
16.276
16.541
16.642
16.931
17.568
18.018
18.034
18.054
18.356
19.366
19.399
20.062
19.935
19.749
20.545
21.534
21.539
22.115
22.808
22.316
22.307
22.509
22.607
22.212
20.937
21.187
21.525
21.938
22.385
22.445
22.304
22.365
22.188
21.482
21.541
21.43
20.896
20.97
21.443
21.682
21.692
21.749
22.1
22.812
24.275
24.232
24.454
25.72
26.523
27.358
28.016
28.629
28.375
27.644
28.873
29.429
30.54
31.969
30.319
31.151
30.524
30.226
29.835
29.567
30.902
31.356
31.52
32.316
34.106
34.464
33.67
34.143
34.752
34.998
35.251
34.775
35.166
36.561
38.022
37.885
37.665
38.885
40.249
40.233
40.173
40.545
40.035
39.831
40.141
39.916
39.932
40.167
40.903
41.699
41.742
42.14
42.464
43.356
44.24
45.024
46.188
45.928
45.665
45.73
44.469
43.898
44.98
45.428
45.024
45.503
45.692
46.041
46.898
47.101
47.225
48.459
53.222
54.139
55.013
56.919
56.862
57.459
56.828
56.197
57.472
58.31
58.31
56.49
56.205
56.275
56.723
57.079
57.595
58.644
60.281
61.131
61.235
61.999
62.863
62.656
63.135
65.981
69.452
70.02
69.656
70.058
72.059
73.241
74.551
75.887
76.918
78.394
79.292
79.825
75.396
72.487
76.097
76.802
74.972
74.48
73.145
72.461
75.498
78.821
81.902
81.428
83.592
84.189
87.242
89.859
91.092
89.811
90.849
92.841
95.751
98.524
96.619
98.023
96.804
91.905
91.434
96.099
97.353
98.182
99.281
102.432
106.433
108.116
106.829
106.159
110.205
119.319
111.728
115.065
119.456
122.303
124.027
125.988
123.702
124.141
120.123
118.719
122.348
123.155
123.585
124.136
125.199
125.874
123.072
131.823
134.597
136.329
136.868
140.702
143.308
140.659
144.537
146.537
149.326
152.189
153.762
160.693
165.448
168.179
169.389
167.006
169.773
173.039
178.255
178.049
170.852
171.818
173.033
174.086
171.573
168.648
161.667
168.507
174.998
179.919
183.055
190.33
194.872
195.196
194.435
198.706
200.756
203.064
203.882
208.658
210.056
217.028
220.633
221.859
217.562
212.161
220.203
225.436
227.282
226.988
223.316
229.141
230.624
228.817
228.861
224.65
225.068
226.554
227.719
229.022
233.401
241.62
246.285
253.121
260.709
264.864
270.469
269.017
272.067
276.957
287.395
303.857
303.294
298.857
304.626
319.403
341.599
328.113
329.194
323.654
320.1
316.639
320.878
323.67
326.893
330.611
336.559
339.447
337.435
338.109
343.545
347.581
360.337
369.72
373.216
359.703
354.595
363.155
344.44
327.198
320.585
319.047
266.376
230.597
250.221
260.367
257.454
214.891
183.662
188.782
196.415
200.018
184.161
155.497
145.117
149.61
156.532
159.296
156.251
147.803
128.254
104.752
95.484
120.879
142.093
134.92
128.898
113.669
110.616
118.362
113.628
101.637
102.789
106.73
105.94
102.389
101.617
96.005
101.51
103.346
112.958
110.627
110.142
104.07
100.457
99.739
98.985
99.415
100.202
101.238
103.369
105.67
101.884
90.193
88.379
86.607
87.421
87.2
88.546
87.802
90.288
98.856
111.142
119.595
122.917
131.771
140.402
145.209
145.242
142.271
146.462
139.62
132.812
132.723
144.072
149.654
149.6
155.71
161.699
159.847
165.573
166.956
169.227
171.77
172.281
169.608
161.666
165.211
172.47
172.916
178.456
200.586
214.755
208.096
210.896
208.255
198.078
192.617
176.514
174.314
176.931
176.324
159.349
154.204
161.932
164.979
158.383
154.421
158.867
161.604
169.297
175.309
174.398
166.193
162.467
161.181
158.636
155.885
153.927
154.695
155.772
159.55
160.778
162.532
165.449
166.182
162.655
159.444
155.565
152.827
153.01
153.259
154.159
149.753
145.511
143.862
144.897
148.156
152.245
152.639
152.323
152.167
154.21
156.429
162.407
169.777
169.54
176.494
178.042
177.516
175.899
180.444
187.023
188.067
189.435
193.777
197.461
194.615
195.239
200.599
202.162
202.487
201.892
201.619
202.075
202.014
202.886
203.192
201.188
190.219
188.94
192.815
191.154
185.44
184.189
186.567
188.805
191.121
196.268
197.061
196.262
193.808
188.854
186.73
188.047
189.718
189.511
189.502
189.753
191.043
194.016
194.525
191.914
189.443
187.263
188.078
187.132
187.706
187.126
187.343
186.095
185.71
181.787
178.862
178.066
180.489
185.644
186.801
185.974
185.218
184.059
182.7
183.379
184.984
186.894
191.673
196.052
195.916
196.524
197.09
189.714
188.839
191.263
195.303
196.515
194.945
194.657
197.67
197.653
195.143
195.155
196.881
200.058
199.139
196.94
194.9
194.72
194.892
197.872
194.002
192.644
190.567
188.751
187.651
185.516
182.762
181.717
183.982
188.739
191.712
190.257
190.954
191.816
192.789
194.804
195.255
195.595
196.68
197.822
197.517
198.588
200.816
204.077
210.417
208.996
211.148
211.809
211.529
212.761
213.565
219.662
223.913
221.151
220.808
224.434
228.142
230.094
227.669
228.009
229.579
223.232
220.054
221.935
224.285
226.767
228.759
226.183
222.987
219.372
213.252
205.266
207.328
212.952
216.055
215.901
214.435
213.498
211.204
211.532
209.699
206.586
205.654
207.858
208.211
206.942
203.739
203.716
207.286
209.48
212.083
216.918
214.584
211.064
212.601
210.409
209.523
209.548
212.099
212.96
211.101
210.205
211.319
212.136
214.889
215.308
215.26
215.382
214.455
213.734
211.841
211.881
212.328
212.807
211.9
212.022
209.979
209.569
209.032
207.601
207.098
208.307
208.047
207.678
208.363
207.397
205.499
206.149
213.844
219.384
218.353
214.51
214.746
217.858
221.082
222.299
222.466
222.411
223.751
224.317
229.083
232.022
231.348
231.58
230.908
232.05
235.257
238.897
242.873
244.781
243.352
246.077
247.02
245.838
246.617
248.029
251.263
255.414
254.259
254.128
256.529
261.726
261.07
263.487
263.376
261.057
259.401
257.702
259.947
264.449
268.181
270.735
273.333
281.17
289.782
295.065
299.767
298.348
299.012
304.711
305.89
303.533
302.942
309.954
315.456
316.769
317.377
313.167
313.343
321.602
333.911
337.447
333.029
337.384
342.972
351.817
351.889
359.565
362.3
357.444
357.634
356.981
356.216
355.991
348.489
333.835
333.408
351.761
359.479
374.109
385.253
378.019
366.132
366.389
365.621
361.585
362.327
364.246
362.597
362.738
376.292
374.031
374.752
371.009
363.52
354.25
355.084
359.879
361.273
361.659
361.516
360.134
361.636
363.903
369.795
378.05
383.91
383.906
385.917
393.559
399.351
398.664
397.181
397.309
399.883
401.832
403.29
400.484
399.665
401.568
404.34
410.529
414.145
415.221
415.262
418.011
418.157
411.607
415.637
417.974
420.325
427.985
428.579
435.361
434.643
428.804
430.38
432.361
428.391
427.67
425.828
426.791
430.217
434.447
438.932
439.966
441.474
443.029
442.268
406.653
414.826
420.775
422.411
423.871
424.409
418.849
415.477
405.712
395.632
396.543
400.364
401.119
387.351
375.465
379.941
377.015
372.3
368.021
371.457
377.216
377.819
378.138
378.318
381.393
385.426
388.791
390.329
388.363
386.17
384.747
389.596
391.871
394.912
397.782
403.541
410.608
413.402
411.844
411.975
415.198
412.499
409.806
406.719
409.722
417.31
416.259
417.626
418.925
417.43
420.88
430.402
434.431
432.487
437.055
439.015
443.422
436.456
431.536
432.119
438.645
436.109
439.519
437.911
436.555
430.158
435.991
436.911
436.342
437.258
444.748
452.245
454.239
451.544
456.434
462.519
465.968
471.698
480.026
480.149
479.341
477.641
476.459
476.324
474.631
481.156
482.449
481.373
475.834
473.018
471.73
476.139
478.748
482.621
481.06
477.642
478.996
477.54
476.837
477.664
481.472
488.313
483.543
485.372
481.253
478.712
482.014
479.806
478.457
483.866
489.62
485.75
489.65
494.09
503.18
511.13
510.78
521.26
523.45
520.12
521.59
526.86
528.3
515.95
514.25
520.61
523.21
526.83
525.61
549.66
565.05
554.67
565.44
580.29
576.81
585.53
597.53
607.38
610.51
621.17
628.75
621.98
621.17
637.37
648.52
646.26
652.8
649.09
649.01
652.44
650.29
654.95
648.5
644.67
639.89
646.04
644.64
642.23
638.87
638.97
632.55
610.43
613.32
621.27
623.08
619.92
619.02
615.82
605.22
599.64
601.63
615.33
613.77
606.91
606.19
605.89
617.04
620.22
630.2
645.51
650.86
651.97
648.79
652.23
664.68
674.06
674.77
665.73
677.48
683.64
680.69
679.67
673.73
673.14
670.99
668.4
662.25
647.13
647.91
656.07
661.64
662.12
654.52
650.47
651.31
642.14
617.69
593.53
576.37
575.73
543.06
543.79
582.07
584.85
578.36
580.07
580.98
572.87
561.03
554.39
556.21
564.26
570.42
563.96
566.93
566.08
563.88
560.42
558.77
560.43
558.95
562.93
552.37
552.95
545.11
531.23
522.08
528.65
539.45
538.84
539.04
548.14
564.63
557.22
556.46
556.19
567.74
587.34
593.3
591.44
596.64
611.16
616.79
619.3
616.77
612.69
619.82
615.28
611.38
607.33
590.78
601.41
595.1
592.78
597.49
607.62
614.61
610.48
611.97
619.07
624.26
627.39
631.2
628.87
628.87
630.72
627.54
626.71
626.61
627.68
642.02
655.58
654.75
655.43
656.64
656.71
648.74
640.42
638.16
640.64
630.88
628.72
625.78
625.07
628.36
628.79
625.47
616.19
622.2
599.21
599.38
591.21
587.11
583.5
567.09
573.23
569.55
609.02
605.81
596.07
589.48
585.21
594.25
601.99
613.05
612.68
619.34
622.99
620.55
623.86
635.71
646.14
647.66
652.23
650.48
648.63
653.8
655.48
660.46
658.41
650.78
648.75
654.61
652.34
650.27
654.47
659.16
664.69
674.82
688.23
701.81
700.39
716.56
722.14
719.46
733.69
747.75
744.29
749.09
745.61
763.11
788.73
798.28
802.66
803.35
806.54
825.42
839.5
844.31
858.48
856.44
868.51
874.74
877.41
886.87
891.31
910.05
933.57
946.97
915.56
883.25
906.78
926.67
918.15
916.86
916.66
901.14
924.74
926.57
918.72
930.91
961.87
993.23
989.84
1008.47
1019.51
1013.35
1000.07
1017.94
1034.43
1033
1034.03
1045.06
1045.29
1041.51
1053.79
1085.11
1089.64
1096.17
1122.57
1119.81
1128.43
1131.77
1118.8
1118.61
1098.43
1072.07
1079.14
1098.66
1095.37
1090.61
1070.47
1073.42
1080.49
1052.01
1054.69
1047.98
1065.07
1058.02
1077.28
1096.2
1098.21
1121.59
1114.33
1111.24
1135.84
1152.36
1154.71
1174.9
1192.69
1179.2
1183.78
1200.6
1209.85
1205.48
1197.92
1203.11
1207.81
1191.44
1179.02
1184.19
1193.65
1191.89
1200.09
1185.8
1169.25
1148.57
1147.26
1148.13
1140.06
1149.05
1176.35
1177.98
1171.83
1111.98
1128.7
1176.82
1193.69
1206.59
1233.2
1249.67
1262.34
1254.66
1254.6
1267.27
1280.19
1277.29
1271.96
1269.49
1277.02
1266.08
1273.68
1284.44
1280.19
1267.15
1260.71
1275.28
1281.19
1266.94
1265.48
1263.11
1266.94
1268.81
1257.27
1253.6
1254.25
1261.31
1262.56
1270.72
1307.76
1318.22
1316.15
1340.91
1356.14
1359.88
1359.05
1361.08
1381.43
1369.72
1367.66
1363.28
1361.41
1365.23
1357.14
1354.76
1361.61
1371.01
1382.37
1385.3
1391.1
1395.99
1418.800049
1416.900024
1445.400024
1453.400024
1459.300049
1445.599976
1415.900024
1365.099976
1387.900024
1376.199951
1365.199951
1371.599976
1377.599976
1384.199951
1375.400024
1371.199951
1371.300049
1361.199951
1360.599976
1347.099976
1304.50
1273.199951
1325.699951
1346.800049
1347.400024
1338.400024
1332.900024
1337.300049
1364.400024
1431.50
1444.900024
1475.199951
1472.50
1485.400024
1515.699951
1529.599976
1524.800049
1535.00
1564.300049
1565.400024
1583.300049
1576.099976
1574.800049
1557.099976
1564.400024
1594.900024
1603.800049
1591.099976
1603.099976
1611.900024
1623.50
1623.50
1624.50
1616.099976
1649.199951
1647.099976
1677.400024
1709.50
1739.400024
1725.300049
1761.199951
1758.00
1762.50
1791.50
1785.599976
1780.699951
1777.099976
1825.50
1838.199951
1860.599976
1873.900024
1905.00
1836.599976
1861.099976
1792.900024
1784.800049
1809.199951
1796.50
1762.599976
1758.00
1734.800049
1767.900024
1770.099976
1795.599976
1838.900024
1888.400024
1880.099976
1900.599976
1907.300049
1881.599976
1868.800049
1875.699951
1852.50
1842.50
1822.300049
1783.400024
1741.400024
1743.699951
1764.50
1810.50
1810.199951
1838.199951
1871.599976
1869.699951
1897.099976
1891.699951
1882.900024
1863.00
1831.599976
1852.900024
1838.300049
1827.599976
1872.099976
1852.50
1845.300049
1844.199951
1840.900024
1826.900024
1810.199951
1785.699951
1811.099976
1815.300049
1820.900024
1829.599976
1830.300049
1833.800049
1856.199951
1892.300049
1907.400024
1894.199951
1886.900024
1895.900024
1887.300049
1873.099976
1843.699951
1796.300049
1802.599976
1809.900024
1742.50
1692.900024
1593.300049
1634.199951
1686.300049
1624.300049
1562.699951
1599.900024
1601.00
1603.400024
1599.300049
1658.900024
1676.699951
1683.00
1672.900024
1614.199951
1582.300049
1590.300049
1617.400024
1640.50
1636.00
1639.800049
1689.199951
1674.199951
1647.900024
1657.199951
1625.199951
1584.099976
1522.900024
1466.599976
1537.699951
1547.800049
1551.199951
1569.699951
1557.099976
1536.699951
1538.00
1552.800049
1560.400024
1538.300049
1515.50
1525.599976
1518.400024
1516.599976
1510.300049
1498.699951
1474.099976
1439.00
1424.599976
1366.800049
1353.099976
1376.800049
1423.199951
1409.00
1400.400024
1384.099976
1383.400024
1395.300049
1392.599976
1385.300049
1369.900024
1326.00
1285.800049
1294.099976
1342.800049
1328.199951
1318.199951
1307.699951
1295.800049
1272.099976
1264.400024
1257.400024
1252.099976
1257.900024
1289.099976
1327.099976
1359.099976
1389.699951
1454.400024
1453.400024
1437.900024
1425.00
1428.00
1432.599976
1454.800049
1491.699951
1509.699951
1555.199951
1560.400024
1569.800049
1565.400024
1557.50
1537.00
1549.199951
1565.300049
1597.300049
1558.400024
1547.800049
1568.599976
1609.599976
1642.800049
1655.800049
1651.900024
1631.599976
1608.099976
1585.699951
1608.199951
1627.199951
1634.550049
1679.300049
1691.50
1691.599976
1703.50
1727.199951
1716.00
1689.099976
1688.00
1699.00
1723.800049
1748.300049
1742.599976
1731.00
1727.400024
1724.00
1724.00
1713.800049
1719.599976
1730.199951
1731.699951
1752.50
1754.199951
1761.099976
1754.900024
1758.099976
1759.400024
1776.699951
1817.199951
1836.099976
1822.900024
1806.400024
1795.199951
1782.099976
1763.800049
1763.699951
1760.199951
1749.00
1764.599976
1771.00
1777.400024
1797.900024
1804.699951
1779.300049
1740.699951
1680.800049
1653.199951
1664.300049
1624.199951
1607.599976
1659.699951
1640.400024
1625.699951
1661.300049
1638.800049
1628.300049
1595.00
1572.900024
1556.699951
1574.099976
1573.00
1542.699951
1515.699951
1504.199951
1546.699951
1563.599976
1590.400024
1613.00
1604.900024
1637.900024
1650.00
1644.400024
1644.400024
1655.50
1637.800049
1642.599976
1663.599976
1658.00
1666.800049
1669.400024
1661.50
1669.00
1702.099976
1735.699951
1732.400024
1767.800049
1773.900024
1771.699951
1757.50
1741.699951
1742.699951
1764.50
1783.400024
1789.800049
1782.599976
1778.900024
1757.50
1761.400024
1745.50
1720.300049
1736.400024
1742.50
1700.900024
1679.300049
1684.400024
1644.699951
1628.300049
1662.800049
1638.099976
1641.099976
1670.50
1660.900024
1653.599976
1634.300049
1611.900024
1608.300049
1610.199951
1629.900024
1627.099976
1637.300049
1638.50
1627.900024
1624.900024
1628.599976
1621.199951
1589.400024
1613.699951
1613.00
1605.300049
1596.199951
1580.199951
1573.400024
1553.00
1579.599976
1589.50
1569.900024
1563.599976
1565.400024
1573.699951
1591.699951
1619.300049
1640.300049
1652.400024
1643.800049
1649.400024
1646.900024
1649.400024
1668.800049
1685.50
1666.300049
1662.400024
1662.00
1660.400024
1647.199951
1653.50
1684.699951
1703.50
1718.400024
1727.699951
1727.50
1717.800049
1717.50
1717.099976
1704.800049
1691.50
1681.400024
1739.599976
1774.00
1765.900024
1749.699951
1762.599976
1773.00
1787.199951
1773.699951
1800.50
1807.099976
1805.400024
1802.00
1789.199951
1805.50
1776.300049
1831.00
1841.699951
1869.50
1868.199951
1876.00
1895.699951
1933.400024
1920.400024
1913.800049
1933.400024
1939.800049
1914.099976
1902.800049
1916.699951
1932.800049
1932.199951
1929.599976
1949.300049
1937.800049
1934.599976
1926.50
1889.400024
1858.300049
1847.00
1827.800049
1801.50
1773.800049
1796.300049
1827.50
1842.800049
1839.699951
1845.900024
1855.300049
1834.400024
1826.400024
1844.300049
1848.199951
1849.099976
1849.900024
1861.199951
1902.699951
1942.099976
1952.599976
1967.900024
1986.599976
1959.50
1977.400024
2005.199951
2013.50
2005.300049
2031.199951
2010.400024
1979.699951
2016.400024
2020.300049
2000.400024
2012.00
1968.099976
1928.400024
1953.099976
2036.099976
2056.300049
2109.199951
2123.00
2156.300049
2148.399902
2165.800049
2185.699951
2182.800049
2168.199951
2164.100098
2230.800049
2259.00
2225.199951
2212.800049
2231.50
2270.699951
2323.899902
2383.00
2383.199951
2433.199951
2398.100098
2409.399902
2411.100098
2366.600098
2389.899902
2422.899902
2454.00
2491.00
2479.699951
2505.600098
2561.800049
2562.50
2593.199951
2574.699951
2596.699951
2603.00
2502.199951
2550.300049
2658.600098
2684.399902
2637.399902
2457.800049
2554.600098
2566.199951
2535.50
2485.399902
2506.199951
2556.800049
2601.50
2656.800049
2683.100098
2693.699951
2660.399902
2659.300049
2712.399902
2743.300049
2783.300049
2787.199951
2784.899902
2816.50
2826.00
2824.600098
2881.899902
2858.899902
2814.00
2797.600098
2778.300049
2759.699951
2780.50
2775.199951
2708.899902
2684.100098
2635.100098
2572.399902
2588.600098
2588.600098
2585.399902
2514.199951
2562.699951
2561.899902
2569.50
2601.899902
2571.399902
2533.100098
2506.100098
2510.899902
2429.899902
2362.00
2382.199951
2396.699951
2383.00
2511.899902
2543.100098
2520.899902
2446.199951
2457.600098
2410.399902
2288.100098
2231.100098
2255.699951
2267.300049
2222.800049
2201.600098
2215.399902
2196.300049
2197.699951
2195.899902
2136.899902
2070.600098
1961.099976
2058.50
2174.00
2224.199951
2266.800049
2337.899902
2311.300049
2295.50
2224.399902
2227.699951
2236.199951
2173.600098
2146.199951
2215.199951
2188.199951
2222.199951
2237.800049
2241.50
2276.899902
2361.800049
2402.600098
2413.399902
2430.300049
2454.100098
2474.199951
2446.100098
2483.699951
2478.600098
2477.699951
2443.399902
2441.300049
2462.699951
2490.699951
2459.699951
2398.199951
2401.899902
2387.100098
2294.899902
2293.00
2298.800049
2310.50
2309.199951
2281.800049
2253.300049
2257.600098
2238.899902
2231.100098
2232.00
2227.300049
2265.00
2258.199951
2256.00
2262.600098
2269.300049
2291.300049
2334.600098
2315.600098
2292.199951
2290.199951
2266.50
2277.199951
2281.300049
2274.300049
2256.300049
2215.399902
2218.699951
2281.199951
2312.899902
2390.199951
2429.00
2415.00
2461.00
2461.50
2532.600098
2558.00
2571.800049
2610.50
2611.50
2591.899902
2578.399902
2567.699951
2638.399902
2653.899902
2668.899902
2701.399902
2696.800049
2709.899902
2767.100098
2774.00
2794.399902
2782.399902
2767.899902
2746.00
2743.199951
2710.00
2700.199951
2670.199951
2665.899902
2696.300049
2742.100098
2753.800049
2750.899902
2710.600098
2708.199951
2746.699951
2790.899902
2804.699951
2826.600098
2787.699951
2819.899902
2851.300049
2835.199951
2816.600098
2768.699951
2714.399902
2746.100098
2676.399902
2669.800049
2629.800049
2637.699951
2674.600098
2621.399902
2661.300049
2733.899902
2760.300049
2776.00
2756.600098
2726.699951
2749.399902
2731.399902
2700.100098
2621.800049
2558.50
2564.699951
2601.300049
2564.300049
2552.100098
2543.100098
2581.600098
2588.399902
2611.899902
2618.899902
2492.300049
2527.00
2486.600098
2459.199951
2510.399902
2465.199951
2429.100098
2428.199951
2451.100098
2416.699951
2439.00
2480.199951
2562.800049
2596.199951
2591.300049
2537.50
2521.399902
2514.399902
2520.899902
2499.899902
2467.800049
2408.00
2401.600098
2378.699951
2327.600098
2254.800049
2231.100098
2151.399902
2328.100098
2331.00
2276.899902
2337.699951
2411.300049
2373.00
2319.50
2241.00
2276.800049
2270.199951
2112.800049
1960.900024
2026.00
2107.50
2222.399902
2242.100098
2213.800049
2160.800049
2062.899902
2052.699951
2058.899902
2094.50
2065.899902
2035.50
1952.00
1900.300049
2067.600098
2002.599976
1943.300049
1963.699951
1959.199951
1973.699951
1961.50
1932.00
1965.099976
1927.699951
1916.50
1798.900024
1790.800049
1815.00
1768.400024
1656.50
1718.50
1615.400024
1573.00
1458.699951
1533.199951
1494.599976
1502.099976
1509.699951
1525.900024
1522.50
1507.099976
1506.50
1603.300049
1580.099976
1618.400024
1604.50
1582.699951
1594.199951
1588.400024
1586.699951
1612.699951
1714.800049
1818.00
1832.599976
1810.300049
1827.699951
1826.400024
1895.199951
1940.599976
1903.400024
1907.199951
1944.699951
1897.300049
1867.300049
1828.699951
1834.599976
1787.099976
1789.300049
1822.800049
1915.900024
2017.199951
2004.300049
2014.199951
1986.00
1969.50
1976.50
2020.300049
2006.400024
2014.900024
2038.900024
2026.300049
2003.699951
2026.099976
2045.900024
2070.800049
2077.199951
2011.699951
2012.300049
2075.600098
2091.199951
2046.300049
2002.199951
1955.599976
1969.00
1944.00
1934.50
1999.699951
2032.50
2026.699951
2001.099976
1988.00
1981.199951
1956.599976
1968.00
1985.599976
1982.199951
1994.599976
2035.699951
2022.400024
2004.599976
2015.00
2046.900024
2053.399902
2072.50
2108.699951
2165.00
2192.50
2195.899902
2189.699951
2176.899902
2290.600098
2399.300049
2438.50
2544.800049
2473.899902
2524.800049
2586.600098
2538.50
2520.899902
2483.399902
2429.600098
2431.699951
2480.100098
2480.00
2456.899902
2390.699951
2394.899902
2400.899902
2369.100098
2378.300049
2440.600098
2492.199951
2542.600098
2568.800049
2534.800049
2548.300049
2571.100098
2526.600098
2516.699951
2523.399902
2500.899902
2491.899902
2481.600098
2484.699951
2487.600098
2471.699951
2432.600098
2456.600098
2484.300049
2486.600098
2477.800049
2505.199951
2570.199951
2598.50
2596.399902
2607.899902
2618.50
2611.100098
2583.199951
2566.50
2580.100098
2566.399902
2539.00
2561.100098
2552.100098
2545.199951
2513.699951
2457.100098
2412.00
2319.800049
2377.199951
2392.300049
2292.00
2275.199951
2267.100098
2347.699951
2410.300049
2341.00
2336.100098
2357.199951
2326.899902
2291.600098
2331.899902
2302.00
2328.50
2352.399902
2333.50
2291.600098
2293.600098
2202.899902
2171.00
2244.50
2353.800049
2308.100098
2299.199951
2300.00
2282.399902
2255.699951
2219.199951
2303.100098
2315.899902
2261.50
2241.50
2260.199951
2262.50
2349.50
2448.399902
2534.699951
2571.399902
2576.00
2554.800049
2615.50
2724.50
2689.00
2703.399902
2689.600098
2666.800049
2680.899902
2667.199951
2655.399902
2607.800049
2586.100098
2575.399902
2675.699951
2656.699951
2747.50
2746.50
2834.399902
2826.699951
2825.199951
2806.600098
2790.800049
2778.50
2929.399902
3004.800049
3002.600098
3011.100098
3002.100098
2957.50
2974.300049
2997.300049
2934.100098
2908.199951
2921.300049
2919.00
2983.300049
3058.399902
3087.50
3074.00
3054.600098
3053.199951
3079.100098
3088.00
3065.100098
3034.699951
3078.199951
3101.899902
3048.100098
3010.800049
3037.50
2985.100098
2950.600098
2920.699951
2971.300049
2946.399902
2971.300049
2971.100098
2904.399902
2907.800049
2981.00
2981.399902
2955.399902
2939.00
2862.600098
2832.50
2892.399902
2879.699951
2856.699951
2820.399902
2826.50
2736.399902
2778.00
2819.899902
2864.899902
2853.50
2844.100098
2874.300049
3003.800049
3004.399902
3046.800049
3068.00
3094.600098
3061.800049
3080.399902
3072.399902
3113.300049
3077.50
3086.399902
3021.00
3009.50
3044.600098
3044.00
3174.899902
3204.699951
3200.899902
3234.600098
3273.50
3284.50
3251.199951
3217.899902
3252.300049
3239.00
3217.00
3200.00
3187.199951
3162.50
3146.00
3152.699951
3168.199951
3194.399902
3182.00
3216.100098
3250.800049
3250.300049
3232.100098
3225.899902
3259.399902
3316.199951
3342.699951
3352.899902
3316.00
3313.199951
3321.199951
3314.300049
3278.50
3260.899902
3205.50
3191.800049
3228.300049
3257.199951
3271.899902
3262.00
3242.300049
3227.300049
3216.300049
3183.800049
3174.899902
3190.699951
3202.199951
3210.800049
3181.00
3136.100098
3132.199951
3160.00
3177.899902
3183.600098
3210.800049
3177.699951
3198.899902
3181.800049
3174.899902
3105.899902
3034.899902
3085.699951
3087.50
3056.300049
3010.00
2916.600098
2944.399902
2990.300049
3064.199951
3060.100098
3014.899902
3003.100098
2943.00
2938.00
2990.899902
2969.899902
2986.899902
3007.199951
3118.399902
3188.199951
3177.899902
3206.800049
3189.00
3185.399902
3219.00
3256.00
3235.699951
3265.199951
3311.699951
3361.399902
3324.699951
3401.800049
3412.399902
3389.300049
3364.399902
3357.199951
3433.800049
3410.800049
3334.899902
3305.50
3309.600098
3267.00
3330.00
3306.699951
3340.899902
3341.199951
3309.300049
3303.00
3319.00
3311.699951
3353.800049
3369.00
3348.399902
3318.199951
3300.399902
3293.600098
3274.50
3239.50
3236.800049
3236.300049
3286.50
3358.300049
3373.399902
3376.100098
3345.50
3340.100098
3372.800049
3365.399902
3335.199951
3287.399902
3251.199951
3263.00
3288.50
3319.600098
3286.00
3247.800049
3264.50
3279.199951
3233.300049
3216.50
3199.100098
3162.50
3213.300049
3255.800049
3247.699951
3286.00
3290.399902
3293.199951
3347.699951
3369.699951
3374.399902
3401.00
3392.199951
3385.100098
3366.199951
3358.199951
3320.00
3288.300049
3246.699951
3271.50
3268.800049
3273.100098
3277.399902
3311.100098
3396.399902
3390.50
3376.600098
3333.100098
3335.100098
3307.100098
3241.800049
3205.199951
3175.100098
3254.00
3273.199951
3330.100098
3311.399902
3299.199951
3298.50
3310.899902
3327.199951
3347.00
3361.00
3359.50
3397.00
3492.199951
3516.100098
3558.00
3578.300049
3596.100098
3561.600098
3631.399902
3728.00
3701.800049
3733.199951
3739.600098
3717.300049
3708.00
3695.199951
3680.600098
3685.199951
3676.800049
3631.600098
3672.899902
3647.100098
3636.50
3653.00
3654.699951
3654.300049
3679.100098
3750.00
3802.600098
3778.50
3826.800049
3850.399902
3842.699951
3875.00
3839.699951
3880.00
3889.800049
3938.699951
3890.199951
3851.899902
3841.00
3795.899902
3755.699951
3762.50
3807.00
3809.800049
3844.800049
3804.100098
3758.100098
3745.399902
3775.699951
3760.600098
3797.100098
3867.199951
3809.899902
3828.00
3837.50
3842.899902
3748.00
3714.300049
3716.199951
3741.300049
3752.50
3792.800049
3784.300049
3797.300049
3821.800049
3764.50
3798.699951
3805.100098
3834.600098
3798.399902
3788.399902
3758.50
3815.50
3827.00
3773.699951
3782.600098
3756.199951
3757.300049
3756.600098
3764.899902
3798.199951
3774.00
3821.899902
3873.399902
3930.100098
3930.699951
3894.199951
3887.199951
3890.399902
3921.399902
3952.600098
3974.399902
3999.50
3988.300049
3985.00
3960.899902
3906.300049
3936.100098
3968.800049
4002.800049
4060.100098
4121.600098
4119.50
4160.899902
4126.299805
4142.899902
4194.399902
4240.00
4244.600098
4259.799805
4276.799805
4281.50
4353.700195
4439.100098
4436.799805
4403.50
4397.799805
4465.00
4481.100098
4458.00
4508.799805
4559.200195
4591.600098
4644.600098
4741.200195
4821.100098
4836.50
4862.399902
4821.600098
4777.100098
4694.399902
4787.399902
4816.399902
4720.50
4590.200195
4652.200195
4742.100098
4762.700195
4722.399902
4712.200195
4797.50
4974.200195
5067.799805
5067.00
5135.200195
5183.00
5212.899902
5195.299805
5075.100098
5043.700195
5002.899902
5016.600098
5014.600098
4956.600098
4952.899902
5041.50
5124.200195
5070.50
5023.399902
4996.200195
4916.50
4912.899902
4789.399902
4648.399902
4780.200195
4888.799805
4891.50
4927.399902
4933.399902
4938.00
4822.100098
4720.600098
4848.50
4833.100098
5009.600098
5074.899902
5118.100098
5278.700195
5258.50
5210.600098
5228.700195
5250.00
5269.700195
5321.50
5354.399902
5325.50
5314.200195
5316.00
5360.700195
5300.799805
5257.299805
5267.299805
5252.100098
5324.00
5345.200195
5341.799805
5275.600098
5312.600098
5369.50
5299.200195
5058.700195
4920.100098
4263.899902
4762.299805
4795.00
4629.50
4647.799805
4849.700195
4853.50
4823.700195
4780.200195
4664.50
4545.50
4527.100098
4334.799805
4448.799805
4532.700195
4588.100098
4595.899902
4679.200195
4832.200195
4720.899902
4787.100098
4897.00
4957.100098
4974.600098
5118.200195
5126.700195
5127.899902
5131.100098
5110.200195
5110.399902
5111.899902
5045.399902
4953.00
5008.100098
5087.299805
5112.00
5040.899902
4946.50
4931.600098
4925.899902
4912.700195
5034.00
5120.600098
5206.399902
5229.399902
5204.00
5199.600098
5033.399902
4942.899902
4837.200195
4547.700195
4686.899902
4673.600098
4650.100098
4589.100098
4671.200195
4773.399902
4691.700195
4617.700195
4549.899902
4542.899902
4526.600098
4583.50
4546.299805
4477.600098
4569.399902
4673.100098
4765.399902
4787.399902
4751.50
4697.50
4722.00
4729.299805
4682.600098
4615.799805
4588.00
4513.899902
4550.200195
4606.600098
4597.700195
4561.00
4599.00
4740.200195
4775.00
4784.50
4850.700195
4841.299805
4804.100098
4757.00
4855.799805
4812.200195
4710.299805
4742.299805
4758.399902
4785.399902
4723.799805
4784.299805
4844.399902
4852.299805
4917.100098
5042.100098
5004.600098
4997.100098
4986.200195
5043.100098
5038.50
5016.200195
4999.100098
4984.100098
4927.899902
4924.600098
4866.700195
4921.200195
4919.100098
4961.299805
4991.00
5001.600098
5083.700195
5166.399902
5185.50
5164.700195
5151.600098
5086.200195
4909.799805
5035.180176
5028.649902
5098.529785
5041.379883
4927.930176
4927.009766
4937.649902
4843.540039
4812.140137
4756.600098
4739.180176
4786.180176
4646.509766
4624.450195
4607.339844
4660.439941
4648.430176
4612.290039
4453.580078
4480.359863
4468.220215
4530.009766
4413.52002
4480.009766
4455.240234
4592.009766
4601.259766
4598.089844
4559.450195
4396.799805
4289.310059
4215.680176
4048.98999
4125.970215
4340.97998
4268.72998
4353.740234
4320.359863
4387.859863
4378.259766
4233.919922
4157.810059
4184.560059
4282.620117
4422.089844
4431.799805
4483.75
4411.879883
4510.609863
4573.279785
4532.589844
4566.879883
4625.379883
4665.790039
4593.779785
4655.419922
4674.529785
4602.689941
4552.740234
4564.75
4484.50
4495.100098
4473.040039
4343.97998
4340.339844
4351.370117
4244.959961
4174.339844
4071.949951
4055.320068
3981.72998
3844.929932
3731.48999
3628.449951
3561.50
3580.550049
3583.719971
3533.139893
3648.840088
3604.360107
3498.810059
3413.149902
3413.01001
3368.790039
3254.439941
3055.709961
3154.139893
2991.929932
3178.560059
3102.389893
3045.169922
3194.540039
3237.23999
3167.26001
2856.100098
2917.780029
3023.899902
3414.679932
3395.47998
3475.899902
3494.399902
3577.360107
3902.189941
3690.47998
3703.689941
3717.179932
3679.909912
3569.879883
3390.22998
3528.649902
3427.97998
3434.820068
3375.439941
3387.459961
3444.060059
3560.610107
3577.23999
3595.419922
3831.02002
3831.330078
3812.959961
3820.48999
3850.449951
4025.98999
3993.22998
3994.51001
3917.459961
3843.679932
3907.72998
4074.860107
4127.850098
4267.72998
4260.97998
4286.939941
4201.240234
4142.77002
4117.689941
4028.699951
4007.620117
3971.50
3954.199951
4059.23999
3995.620117
4131.450195
4032.179932
4007.919922
4025.659912
3992.300049
3769.879883
3749.379883
3815.389893
3700.189941
3759.830078
3806.959961
3779.530029
3805.52002
3798.870117
3881.439941
3828.320068
3753.040039
3741.25
3790.850098
3841.23999
3909.570068
3899.110107
3930.290039
4001.350098
3942.669922
3916.800049
3960.780029
3959.659912
3835.72998
3759.870117
3745.149902
3665.25
3638.550049
3592.199951
3459.639893
3300.419922
3356.590088
3617.77002
3637.77002
3603.429932
3775.409912
3734.199951
3697.030029
3707.800049
3765.969971
3815.350098
3992.909912
3957.929932
4030.23999
4014.580078
4060.560059
4013.550049
4016.800049
3946.939941
3941.48999
4107.740234
4101.180176
4103.600098
4159.040039
4076.340088
4112.649902
4200.120117
4243.180176
4231.669922
4269.120117
4292.859863
4260.799805
4217.740234
4186.649902
4127.379883
4218.02002
4327.799805
4460.850098
4568.100098
4728.27002
4679.799805
4697.72998
4769.899902
4890.390137
4855.169922
4864.799805
4784.330078
4715.299805
4632.069824
4819.490234
4829.200195
4736.580078
4845.430176
4882.00
4930.370117
5101.939941
5146.790039
5123.129883
5175.390137
5204.879883
5303.279785
5296.310059
5297.350098
5490.620117
5556.439941
5464.169922
5337.640137
5284.470215
5475.669922
5481.779785
5405.149902
5382.390137
5458.160156
5517.310059
5414.450195
5579.140137
5560.629883
5802.470215
5964.370117
6080.470215
5981.089844
5877.279785
6022.859863
5913.200195
5851.50
5856.149902
5731.200195
5799.490234
5639.50
5498.790039
5441.060059
5618.350098
5498.850098
5423.569824
5477.649902
5436.419922
5400.200195
5363.620117
5371.259766
5421.939941
5428.879883
5398.419922
5366.589844
5234.649902
5117.850098
5299.930176
5628.529785
5660.660156
5716.649902
5823.709961
5773.529785
5637.350098
5549.180176
5515.240234
5574.540039
5645.069824
5829.509766
5854.600098
5887.609863
5955.529785
5918.720215
5931.240234
5890.47998
5888.870117
5769.370117
5844.600098
5834.890137
5875.970215
5886.410156
5912.290039
5814.970215
5857.629883
5784.689941
5613.189941
5427.609863
5406.649902
5483.75
5267.680176
5260.350098
5106.77002
5178.089844
5142.910156
5150.790039
5029.660156
5071.700195
5058.310059
5180.879883
5217.52002
5369.02002
5300.459961
5279.890137
5167.720215
5148.419922
5099.259766
5215.149902
5244.109863
5379.850098
5349.939941
5252.330078
5174.799805
5086.870117
5019.350098
5026.569824
5051.00
4910.060059
4854.279785
4828.919922
4979.930176
5016.120117
4969.850098
4970.240234
4951.680176
4998.830078
4919.790039
4991.759766
4973.930176
4980.879883
5055.759766
5091.689941
5079.75
5050.459961
4985.209961
5044.609863
4989.660156
5116.25
5183.680176
5282.959961
5331.02002
5202.819824
5076.140137
5030.609863
4825.049805
4907.470215
5050.47998
5122.390137
5105.27002
5156.060059
5131.580078
5134.959961
5142.220215
5328.52002
5450.370117
5479.790039
5793.850098
5817.040039
5919.970215
5943.959961
5867.379883
5863.839844
6086.299805
6034.759766
6115.100098
6101.859863
6103.620117
6195.029785
6286.680176
6092.259766
6110.75
6182.040039
6326.490234
6337.450195
6303.100098
6136.470215
6201.140137
6370.50
6470.410156
6425.700195
6397.839844
6665.029785
6718.330078
6781.390137
6725.549805
6654.220215
6772.149902
6859.029785
6959.350098
6943.100098
6976.75
6835.279785
6933.779785
6937.149902
6986.379883
7007.75
7121.790039
7129.879883
7077.709961
6675.27002
6764.310059
6751.649902
7047.089844
7333.700195
7143.129883
7174.100098
7274.52002
7381.490234
7447.120117
7303.319824
7171.200195
7036.790039
6890.779785
6855.350098
6885.879883
6918.939941
6854.390137
6648.47998
6585.669922
6740.52002
6769.810059
7043.100098
7236.540039
7592.569824
7583.509766
7469.160156
7723.859863
7623.470215
7558.22998
7574.640137
7600.720215
7538.189941
7345.569824
7314.970215
7234.759766
7462.120117
7410.819824
7304.350098
7336.649902
7368.549805
7614.830078
8007.759766
8131.27002
7964.870117
8005.950195
8295.200195
8319.669922
8177.419922
8003.720215
7835.629883
7987.850098
7982.419922
7985.339844
7906.390137
7782.609863
7943.509766
8093.580078
8139.50
7952.200195
7885.22998
7604.490234
7473.25
7378.819824
7194.830078
7272.839844
7462.930176
7540.089844
7375.540039
7234.709961
7016.689941
6860.259766
6315.910156
6308.259766
6684.00
6446.669922
6444.129883
6756.950195
6751.069824
6844.779785
6640.680176
6612.50
6415.509766
6504.419922
6324.419922
6196.089844
6083.97998
6104.830078
6255.350098
6343.290039
6366.689941
6189.089844
6113.049805
5863.680176
5656.450195
5593.580078
5800.029785
5664.25
5652.290039
5728.00
5998.47998
5961.140137
6178.060059
6627.339844
6554.890137
6250.689941
6238.410156
6364.910156
6398.72998
6405.00
6539.200195
6667.200195
6563.609863
6452.899902
6551.25
6521.220215
6687.00
6570.669922
6425.569824
6599.339844
6747.319824
6676.640137
6834.080078
6948.330078
7373.370117
7520.040039
7372.589844
7306.140137
7370.379883
7398.700195
7266.00
7416.339844
7428.129883
7435.990234
7291.740234
7216.580078
6863.27002
6765.279785
6718.72998
6658.169922
6715.600098
6748.47998
6607.490234
6344.029785
6514.209961
6507.77002
6543.930176
6509.169922
6582.669922
6635.00
6669.850098
6519.00
6474.810059
6501.299805
6506.319824
6501.669922
6477.97998
6536.870117
6386.660156
6345.129883
6341.299805
6367.00
6293.549805
6181.149902
6226.370117
6331.279785
6572.910156
6664.819824
6722.410156
6775.970215
6824.970215
6789.72998
6953.310059
6903.47998
6801.399902
6702.259766
6833.040039
6878.890137
6835.430176
6599.009766
6634.529785
6752.470215
6558.899902
6549.620117
6533.580078
6459.149902
6368.540039
6475.459961
6334.560059
6244.649902
6230.890137
6345.529785
6368.669922
6166.879883
6141.529785
6095.490234
5946.930176
5751.660156
5853.950195
5789.029785
5709.669922
5769.02002
5991.25
5943.330078
5908.290039
6081.660156
6003.680176
6123.509766
6206.370117
6282.580078
6394.240234
6409.040039
6319.580078
6359.910156
6478.640137
6376.75
6216.459961
6107.75
5914.839844
6075.200195
6153.330078
6146.100098
6303.470215
6135.450195
5923.919922
5998.140137
6062.740234
6032.27002
5934.930176
5907.240234
5652.629883
5532.640137
5793.77002
5787.350098
5785.359863
5795.089844
5828.120117
5699.759766
5645.589844
5531.390137
5547.169922
5506.549805
5231.850098
5342.310059
5492.310059
5499.399902
5568.27002
5591.990234
5652.189941
5556.709961
5857.450195
6048.339844
5924.330078
5916.060059
5909.529785
5814.97998
5966.799805
5966.600098
5998.02002
6002.649902
6078.25
6194.299805
6267.490234
6271.069824
6377.939941
6311.850098
6281.00
6418.640137
6419.779785
6518.580078
6496.890137
6540.879883
6522.22998
6447.100098
6350.350098
6330.970215
6344.160156
6430.72998
6361.319824
6360.089844
6395.189941
6368.490234
6369.509766
6246.359863
6007.669922
6030.759766
5998.689941
6058.02002
6065.149902
6032.100098
6080.649902
6133.339844
6110.140137
6252.950195
6331.319824
6361.069824
6270.959961
5963.370117
5991.950195
5813.839844
5792.709961
5878.569824
5935.220215
5769.669922
5636.47998
5618.669922
5647.180176
5787.47998
5700.370117
5648.620117
5727.890137
5694.069824
5575.049805
5573.720215
5699.339844
5695.259766
5756.359863
5968.660156
6002.899902
5951.700195
6068.899902
6143.859863
6029.060059
5950.790039
5885.600098
5887.040039
5933.709961
6007.100098
6008.029785
5987.25
6109.200195
6139.620117
6129.509766
6065.580078
6010.52002
6106.419922
6092.069824
6110.359863
6042.029785
5987.00
6033.970215
6392.77002
6527.600098
6571.080078
6651.27002
6782.509766
6714.470215
6711.339844
6700.330078
6665.540039
6586.930176
6595.390137
6619.660156
6631.75
6672.350098
6790.97998
6840.629883
6783.720215
6731.290039
6796.819824
6802.370117
6749.799805
6670.720215
6489.560059
6359.060059
6455.149902
6543.390137
6539.649902
6562.660156
6582.169922
6587.680176
6607.200195
6666.169922
6797.109863
6840.740234
6868.890137
6814.620117
6715.810059
6709.129883
6713.040039
6564.140137
6470.879883
6452.120117
6377.310059
6395.430176
6388.259766
6418.839844
6389.27002
6422.709961
6377.810059
6411.529785
6502.689941
6522.200195
6538.279785
6474.399902
6573.100098
6707.910156
6702.930176
6633.939941
6638.839844
6651.439941
6599.609863
6628.490234
6655.109863
6671.240234
6542.149902
6445.149902
6218.459961
6245.419922
6276.089844
6333.140137
6294.290039
6416.77002
6399.930176
6302.689941
6324.910156
6310.169922
6310.700195
6233.290039
6172.25
6088.450195
5875.859863
5844.600098
5856.189941
5531.02002
5316.77002
5297.859863
5256.00
5081.919922
5087.939941
5325.109863
5304.379883
5324.839844
5306.080078
5403.529785
5385.50
5361.799805
5407.540039
5499.310059
5528.549805
5527.109863
5558.859863
5684.899902
5808.220215
5671.100098
5500.100098
5542.609863
5541.879883
5529.75
5588.22998
5539.279785
5571.27002
5708.279785
5729.129883
5693.120117
5599.129883
5529.180176
5537.040039
5610.77002
5632.759766
5681.069824
5677.790039
5638.040039
5649.870117
5596.379883
5524.569824
5663.350098
5751.720215
5778.649902
5712.459961
5699.189941
5674.410156
5685.390137
5734.899902
5759.490234
5860.439941
5848.209961
5841.339844
5832.830078
5870.930176
5931.430176
6099.279785
6101.720215
6141.189941
6126.379883
6150.259766
6075.060059
6139.069824
6271.490234
6268.970215
6250.740234
6263.290039
6380.600098
6374.490234
6371.839844
6419.189941
6467.089844
6372.279785
6410.049805
6603.75
6612.080078
6565.439941
6641.140137
6560.580078
6453.009766
6420.149902
6388.27002
6573.189941
6579.350098
6604.660156
6600.72998
6607.799805
6590.040039
6782.779785
6768.299805
6831.430176
6872.439941
6793.379883
6750.799805
6927.870117
6901.810059
6865.129883
6786.740234
6780.939941
6681.450195
6589.839844
6673.359863
6715.549805
6717.609863
6697.669922
6679.709961
6609.299805
6583.990234
6533.640137
6473.120117
6562.939941
6637.959961
6795.899902
6734.439941
6898.00
7029.600098
7053.540039
7154.140137
7061.00
7192.220215
7161.399902
7278.060059
7218.509766
7188.77002
7273.080078
7344.569824
7427.919922
7384.129883
7439.50
7381.569824
7351.189941
7361.859863
7371.890137
7316.689941
7191.939941
7253.50
7335.759766
7271.77002
7271.220215
7517.680176
7441.52002
7391.25
7396.720215
7535.069824
7574.350098
7532.140137
7509.220215
7435.129883
7403.379883
7504.72998
7476.370117
7491.779785
7434.189941
7480.740234
7486.859863
7521.950195
7542.47998
7431.890137
7517.839844
7351.080078
7303.569824
7307.160156
7361.939941
7402.799805
7514.899902
7537.819824
7469.680176
7385.919922
7385.149902
7398.50
7366.430176
7357.240234
7303.569824
7130.709961
7061.399902
7031.640137
6997.049805
7016.140137
6974.919922
6791.910156
6857.419922
6835.00
6862.890137
6801.649902
6720.370117
6788.939941
6765.189941
6691.040039
6580.810059
6502.970215
6331.319824
6354.259766
6171.629883
6400.890137
6460.950195
6363.049805
6306.52002
6326.490234
6352.890137
6462.830078
6488.919922
6460.950195
6371.27002
6390.169922
6400.419922
6372.080078
6316.160156
6403.279785
6433.830078
6336.950195
6113.830078
5892.410156
6010.419922
5922.339844
5900.439941
6103.879883
6014.680176
6021.839844
5755.990234
5644.700195
5534.470215
5747.439941
5855.899902
6029.77002
5913.209961
5901.830078
5841.899902
6053.600098
6146.109863
6190.600098
6200.870117
6192.910156
6267.879883
6239.490234
6148.890137
6262.439941
6157.419922
6115.560059
6181.669922
6216.430176
6165.930176
6094.290039
6114.350098
6067.25
6113.319824
6159.899902
6225.160156
6260.609863
6219.930176
6190.52002
6079.950195
5960.379883
5645.00
5788.779785
5741.72998
5705.669922
5808.439941
5956.930176
5801.120117
5728.459961
5926.660156
5827.709961
5898.379883
5869.220215
5853.549805
5849.419922
5762.399902
5762.149902
5845.330078
5865.180176
6040.319824
5924.939941
5985.77002
5973.209961
6017.370117
5979.569824
6000.620117
5908.069824
5905.580078
5887.290039
5893.759766
5963.830078
5967.72998
6045.160156
6058.899902
6040.169922
6064.00
6009.930176
5988.529785
5891.790039
5865.109863
5813.359863
5898.060059
5819.089844
5726.00
5641.740234
5859.049805
5818.430176
5861.819824
5922.410156
6129.25
6158.490234
6156.830078
6223.589844
6221.680176
6187.669922
6152.009766
6126.22998
6053.75
6081.52002
6135.390137
6114.200195
6185.950195
6168.459961
6089.660156
6120.459961
6130.830078
6153.220215
6151.47998
6182.910156
6126.240234
6124.509766
6127.089844
6225.399902
6253.339844
6333.459961
6279.279785
6266.47998
6329.959961
6353.029785
6364.640137
6407.00
6398.899902
6331.990234
6204.459961
6161.120117
6092.129883
6024.089844
6054.439941
6012.560059
5923.330078
5919.700195
5937.970215
5870.509766
5954.350098
6031.810059
5968.459961
5894.27002
5866.029785
5837.890137
5779.450195
5763.870117
5791.390137
5774.390137
5829.870117
5880.009766
5857.350098
5880.899902
5956.970215
5913.680176
5869.209961
5869.790039
5900.02002
5927.060059
5926.649902
5911.240234
5914.410156
5913.919922
5907.930176
5859.77002
5821.100098
5809.970215
5931.959961
5993.009766
6009.919922
6042.759766
6017.430176
6048.410156
5924.339844
5937.990234
5952.379883
5951.339844
5947.47998
5914.029785
5895.759766
6008.509766
6034.740234
6158.970215
6257.129883
6259.459961
6212.140137
6154.02002
6175.220215
6232.740234
6333.589844
6306.600098
6326.649902
6373.910156
6385.109863
6379.439941
6333.00
6428.200195
6499.689941
6509.879883
6590.919922
6608.180176
6614.680176
6575.290039
6408.620117
6488.490234
6496.430176
6491.890137
6549.790039
6633.509766
6556.910156
6469.180176
6388.490234
6410.819824
6510.890137
6586.919922
6545.779785
6650.310059
6667.350098
6647.709961
6699.180176
6722.240234
6738.970215
6889.759766
6873.390137
6870.600098
6801.589844
6924.990234
6979.680176
7060.50
6984.629883
7019.490234
7130.22998
7125.410156
7084.009766
7080.689941
7015.080078
7114.399902
7078.359863
7118.470215
7083.450195
7054.990234
7123.540039
7164.02002
7127.419922
7142.850098
7215.029785
7234.939941
7171.890137
7096.040039
7083.819824
7167.540039
7120.310059
7023.939941
6999.069824
7030.759766
7024.72998
7164.290039
7280.649902
7309.410156
7349.959961
7314.220215
7233.200195
7260.200195
7355.069824
7320.410156
7344.430176
7273.450195
7230.069824
7304.669922
7316.689941
7356.620117
7358.370117
7368.919922
7421.740234
7418.430176
7500.009766
7487.569824
7460.149902
7498.310059
7493.72998
7435.330078
7437.720215
7502.080078
7563.490234
7591.419922
7631.819824
7671.740234
7719.120117
7719.47998
7775.339844
7814.629883
7732.899902
7734.720215
7741.870117
7712.75
7729.140137
7746.540039
7868.279785
7891.669922
7815.470215
7834.470215
7788.080078
7771.930176
7786.220215
7836.359863
7822.47998
7937.180176
7775.799805
7838.77002
7816.310059
7825.009766
7812.069824
7937.00
7949.029785
7960.419922
7886.720215
7843.700195
7838.140137
7859.819824
7875.77002
7936.680176
7914.140137
7874.049805
7842.859863
7905.209961
7928.720215
7925.200195
8022.939941
8064.830078
8237.160156
8265.849609
8232.05957
8342.629883
8430.599609
8372.099609
8365.509766
8539.30957
8643.929688
8606.030273
8488.650391
8542.00
8351.290039
8335.120117
8164.72998
8288.80957
8385.400391
8455.980469
8554.480469
8621.110352
8635.44043
8553.740234
8528.80957
8489.540039
8509.379883
8429.030273
8342.110352
8441.089844
8337.969727
8348.339844
8416.070312
8519.700195
8564.900391
8564.900391
8607.959961
8636.049805
8632.129883
8729.530273
8771.429688
8795.280273
8818.19043
9054.110352
9038.459961
9098.219727
9169.80957
9102.820312
9129.049805
9141.580078
9171.660156
9135.160156
9193.80957
9242.570312
9322.820312
9427.799805
9497.009766
9480.240234
9563.910156
9612.139648
9551.129883
9444.230469
9428.769531
9633.860352
9702.849609
9674.179688
9810.769531
9882.349609
9804.94043
9875.320312
9960.049805
9982.870117
10004.69043
10100.049805
10125.040039
10072.230469
9888.730469
9764.389648
9855.030273
9926.669922
10003.570312
9991.799805
10157.129883
10106.44043
10053.179688
10196.169922
10195.030273
10095.870117
10079.200195
9978.709961
9725.830078
9837.330078
9791.349609
9877.290039
9959.410156
9952.009766
10039.679688
9928.320312
10053.889648
10161.650391
10344.790039
10432.00
10455.509766
10468.75
10517.50
10611.870117
10713.540039
10749.230469
10714.280273
10746.580078
10844.030273
10686.589844
10609.919922
10610.419922
10677.139648
10646.80957
10663.44043
10539.400391
10645.150391
10721.620117
10648.769531
10606.629883
10240.910156
9980.509766
9948.129883
10191.519531
10333.169922
10114.490234
9852.410156
9790.990234
9440.570312
9648.099609
9690.669922
9784.089844
9786.320312
9605.620117
9730.160156
9767.629883
9810.780273
9822.389648
9891.490234
9991.200195
10062.580078
10153.610352
10028.419922
10036.290039
10043.320312
9981.889648
9907.589844
10057.589844
10368.620117
10336.120117
10219.030273
10230.50
10214.509766
10093.019531
10220.69043
10151.599609
10175.330078
10224.389648
10187.919922
10140.25
10137.879883
10182.540039
10128.790039
10137.030273
10137.419922
10281.820312
10260.959961
10240.839844
10222.450195
10121.120117
10042.019531
9975.120117
10042.339844
10090.419922
10033.900391
9843.019531
9875.570312
9923.919922
9921.160156
10025.129883
9987.05957
9987.330078
9907.669922
9921.400391
10119.959961
10090.55957
10060.290039
10116.389648
10173.900391
10205.610352
10075.799805
10066.900391
9866.129883
9814.05957
9910.839844
9849.929688
9812.660156
9790.620117
9899.519531
9997.030273
10080.549805
10099.610352
10143.429688
10169.19043
10222.679688
10237.889648
10198.379883
10225.05957
10199.540039
10264.320312
10329.75
10422.629883
10335.009766
10376.110352
10486.799805
10537.959961
10553.410156
10661.530273
10620.379883
10701.049805
10660.910156
10790.530273
10803.679688
10850.360352
10777.230469
10811.360352
10856.44043
10687.599609
10843.419922
10980.320312
10957.370117
11078.259766
11181.629883
11117.339844
11090.919922
11097.959961
10920.969727
10975.290039
11023.160156
10942.360352
10876.00
10991.429688
11055.759766
11023.790039
11076.849609
11166.889648
11226.080078
11178.009766
11341.580078
11517.709961
11442.450195
11564.349609
11622.410156
11610.410156
11765.769531
11864.419922
11793.870117
11760.00
11786.910156
11794.019531
11971.950195
11957.320312
11955.389648
11951.160156
12020.379883
12038.94043
11839.209961
11879.820312
11876.580078
11907.320312
11997.639648
12076.080078
12196.389648
12102.549805
12233.910156
12116.129883
12109.469727
12190.259766
12118.30957
12113.580078
12124.820312
12260.860352
12290.160156
12430.860352
12493.849609
12505.450195
12519.790039
12514.070312
12651.730469
12712.200195
12748.450195
12802.769531
12819.610352
12912.69043
13031.570312
12968.740234
12917.879883
13022.820312
12777.129883
12591.330078
12703.469727
12453.330078
12446.099609
12216.799805
12329.160156
12462.900391
12694.740234
12817.889648
13029.700195
13035.80957
12769.990234
12673.620117
12743.580078
12866.780273
13045.049805
12986.400391
13040.530273
13097.120117
13340.519531
13339.410156
13440.830078
13446.950195
13476.769531
13508.50
13662.379883
13708.919922
13714.629883
13564.959961
13695.910156
13640.759766
13592.030273
13580.259766
13600.469727
13520.589844
13541.959961
13684.55957
13870.200195
13789.459961
13804.769531
13770.259766
13782.950195
13862.759766
13877.69043
13752.799805
13671.400391
13421.389648
13532.349609
13238.540039
13184.269531
13096.549805
13138.759766
13094.400391
13062.450195
12852.80957
12828.910156
12581.799805
12653.419922
12676.900391
12714.19043
12593.379883
12300.700195
12170.870117
12471.009766
12531.629883
12425.410156
12522.240234
12424.370117
12233.209961
11942.700195
11739.990234
12011.530273
11842.719727
12063.620117
11995.320312
12377.099609
12577.719727
12454.69043
12255.910156
12322.990234
12424.950195
12357.879883
12643.040039
12619.910156
12615.830078
12563.019531
12497.429688
12464.839844
12448.730469
12347.719727
12442.269531
12439.459961
12727.740234
12795.330078
12883.459961
13029.580078
13020.719727
13057.839844
13152.639648
13131.389648
13161.780273
12964.389648
13143.620117
13284.889648
13204.389648
13208.429688
13148.030273
13102.660156
13225.280273
13214.599609
13299.589844
13343.099609
13501.509766
13537.280273
13645.959961
13709.360352
13547.990234
13441.650391
13389.660156
13299.280273
13454.730469
13523.070312
13550.139648
13486.129883
13509.129883
13500.830078
13648.469727
13790.150391
13850.360352
13871.259766
13807.299805
13971.669922
14005.230469
14085.05957
13952.599609
13972.610352
14167.509766
14306.05957
14271.889648
14318.469727
14135.240234
14067.730469
14173.379883
14256.839844
14409.660156
14582.50
14677.660156
14615.959961
14612.219727
14463.139648
14596.769531
14673.339844
14702.580078
14768.950195
14673.219727
14842.700195
14559.19043
14560.330078
14619.980469
14678.160156
14770.269531
14717.910156
14603.00
14604.610352
14444.839844
14327.200195
14008.200195
14243.19043
14486.589844
14772.700195
14857.30957
15030.620117
15246.230469
15055.919922
15212.879883
15190.169922
15087.290039
15221.389648
15428.780273
15656.839844
15563.469727
15734.410156
15661.129883
15649.330078
15765.530273
15801.80957
15869.330078
15841.839844
16120.080078
16051.019531
15933.410156
15720.349609
15247.599609
15447.589844
15466.410156
15445.370117
15103.160156
14924.730469
14892.879883
15282.730469
15084.839844
15111.950195
14821.099609
14903.360352
15356.320312
15367.870117
15666.219727
15437.629883
15579.679688
15759.730469
15922.519531
15896.480469
15798.040039
15900.530273
15944.150391
15930.709961
15981.179688
16153.080078
16137.070312
16293.530273
16193.580078
16310.679688
16455.390625
16545.439453
16767.070312
16866.839844
16713.910156
16750.439453
16879.369141
16836.109375
16694.949219
16830.960938
17133.830078
17150.990234
17271.060547
17424.429688
17244.189453
17211.019531
17554.480469
17819.679688
18054.029297
17922.470703
17737.589844
17666.410156
17680.949219
17781.509766
17768.900391
17802.279297
17776.880859
17832.640625
17690.699219
17832.800781
17802.710938
17925.699219
18500.689453
18669.230469
18608.339844
18736.779297
18998.830078
18912.380859
19160.439453
18925.009766
18889.199219
18958.289062
18489.630859
18265.960938
18521.449219
18346.230469
18447.109375
18875.410156
18866.369141
19216.75
18956.50
18849.240234
18907.099609
19162.380859
19060.380859
18862.179688
18665.060547
18410.240234
18518.330078
18298.580078
17883.630859
18023.009766
18169.160156
18457.240234
18480.779297
18542.580078
18497.380859
18780.460938
19117.720703
19100.890625
18854.669922
18706.320312
19058.740234
19102.330078
19189.25
18991.460938
18551.070312
18398.820312
18310.570312
18420.169922
18706.189453
18941.039062
18999.640625
19166.429688
19345.800781
19581.119141
19598.109375
19255.869141
19339.300781
19226.320312
18929.980469
19132.339844
19214.00
19272.630859
19634.210938
19764.080078
19930.630859
19869.710938
19472.359375
19548.349609
19465.150391
19322.619141
19632.339844
19820.070312
19933.089844
19979.539062
20174.640625
20198.710938
20360.609375
20566.910156
20390.619141
20646.189453
21079.869141
21159.160156
21293.660156
21237.449219
21608.669922
21822.929688
21781.070312
21435.269531
21154.900391
20722.130859
20851.060547
20261.859375
20217.019531
20182.140625
19369.289062
19084.830078
18805.570312
19405.710938
19585.210938
19500.539062
18841.339844
18677.919922
19128.630859
19421.730469
18954.919922
18798.279297
18413.439453
18257.640625
17748.740234
16986.269531
16653.150391
16802.099609
17932.330078
18041.789062
17581.880859
17781.279297
18156.210938
18188.400391
18545.730469
18491.400391
18021.470703
18101.830078
18908.330078
19147.169922
20060.820312
20329.490234
19514.619141
20047.619141
19829.599609
19700.150391
19570.210938
19419.439453
18725.259766
18328.660156
18437.980469
18885.669922
19871.779297
19510.519531
19527.369141
19938.699219
20082.00
19913.189453
20138.789062
20252.330078
20095.929688
19973.199219
20145.099609
20261.810547
20354.990234
20412.490234
20342.779297
20062.369141
20048.179688
20273.859375
20290.490234
20544.439453
20900.00
20971.779297
21046.630859
20861.560547
20986.890625
20742.439453
20751.449219
20994.939453
21228.869141
21282.080078
21331.089844
21049.349609
21192.259766
21385.630859
21256.109375
20965.240234
20833.230469
20795.820312
20612.890625
21102.769531
21320.210938
21334.019531
21548.869141
21666.070312
21659.019531
21841.449219
21498.089844
21390.429688
21674.740234
21792.300781
21748.570312
21854.480469
21937.109375
21619.960938
21631.00
22105.970703
22326.859375
22350.050781
22313.419922
22523.560547
22387.080078
22661.820312
22848.320312
22950.179688
22799.419922
23012.869141
23168.519531
23233.480469
23321.410156
23279.769531
23397.689453
23361.419922
22762.859375
22370.089844
23046.949219
23042.279297
23169.869141
23733.070312
23585.140625
23930.640625
23941.800781
23951.630859
24188.589844
24288.060547
24315.599609
24266.029297
24196.050781
24585.679688
24674.75
24730.009766
24792.890625
24442.789062
24344.949219
24776.089844
24962.009766
25207.480469
25593.919922
25615.849609
25639.310547
25756.810547
25828.480469
25690.390625
25863.390625
25757.679688
25857.439453
25621.50
25394.689453
25546.820312
25432.640625
25705.039062
26196.660156
26295.210938
26448.320312
26664.449219
26619.369141
26566.279297
26135.599609
26281.640625
25783.039062
25885.800781
26247.900391
26324.380859
26480.029297
26480.330078
26558.50
26112.869141
26213.380859
26432.25
26810.00
27338.300781
26899.339844
27045.710938
26834.050781
27135.369141
27561.490234
27842.759766
27933.070312
28067.400391
28123.759766
28197.259766
27906.890625
27972.230469
28262.650391
28539.689453
28498.75
28491.070312
28590.169922
28589.660156
28715.960938
28676.480469
28505.720703
28046.160156
26418.820312
26638.949219
26647.650391
26321.119141
25788.369141
26355.640625
26184.390625
26773.789062
27106.529297
27261.169922
26589.199219
26719.320312
26883.529297
26901.419922
27407.460938
28219.550781
28258.800781
28272.029297
28158.970703
28124.330078
28098.279297
28704.240234
28747.689453
29171.519531
29348.089844
29370.939453
29632.199219
29515.640625
29278.75
29606.970703
29762.220703
29718.660156
29598.990234
29559.519531
29614.050781
29832.480469
29593.849609
29544.179688
29444.150391
29342.699219
29372.929688
28996.710938
29259.919922
29752.949219
30013.849609
29776.570312
29572.400391
29992.830078
29653.820312
30058.75
29766.330078
29619.910156
30341.25
30478.369141
30676.339844
30708.730469
30802.25
30869.839844
30338.580078
30700.009766
30928.429688
30664.730469
31380.00
31398.960938
31946.400391
32096.210938
32271.380859
31681.759766
31184.490234
31466.599609
31833.439453
31608.589844
31884.060547
32114.089844
32128.970703
32218.169922
32064.990234
31550.759766
31830.839844
31642.259766
31296.009766
30744.710938
30804.210938
31079.240234
31151.050781
31420.689453
32117.830078
32201.630859
32177.830078
32411.839844
32088.25
31743.019531
31916.269531
32261.099609
32386.509766
32265.929688
31979.140625
31886.740234
32150.650391
31922.619141
32168.429688
31462.150391
31103.529297
29996.599609
30235.169922
30900.679688
30659.660156
30048.369141
30394.810547
29671.769531
29721.630859
30239.919922
30661.869141
29883.960938
29420.470703
29607.199219
28895.730469
28140.730469
27793.160156
28510.660156
28453.550781
28568.429688
29269.339844
29459.820312
30041.539062
30275.839844
29326.759766
29710.779297
29744.070312
30347.859375
30797.599609
30932.710938
30809.550781
30816.949219
30252.769531
29893.179688
30191.140625
30076.330078
30302.230469
30096.029297
29794.490234
30603.419922
30512.640625
30485.75
30583.070312
30543.449219
30294.769531
30303.179688
30528.00
30296.189453
30855.679688
31451.789062
31178.839844
31078.330078
31540.939453
31825.509766
31801.689453
32129.400391
31980.949219
32473.470703
32335.859375
32230.820312
32721.820312
32836.121094
31823.400391
31969.480469
32229.439453
32048.179688
31886.099609
32136.759766
32100.759766
31783.619141
31458.669922
30806.300781
30157.689453
30430.50
29582.210938
29289.720703
29158.859375
28185.900391
29484.779297
29655.679688
29170.900391
29631.570312
29050.519531
28446.449219
28520.160156
28710.869141
27883.009766
28124.650391
29276.390625
29399.919922
29770.519531
29968.529297
29998.789062
30761.640625
31257.300781
31268.359375
31182.75
30327.359375
30088.039062
29994.900391
28968.199219
29254.980469
29074.119141
29148.449219
29638.400391
29853.769531
30002.460938
29642.119141
29700.189453
29536.830078
28699.119141
28860.779297
28317.919922
28152.560547
28267.779297
28401.609375
29069.560547
28723.820312
28607.449219
27961.849609
27343.570312
26698.660156
26713.830078
25284.880859
26892.740234
27620.330078
27905.130859
27379.919922
27758.929688
28263.949219
28296.800781
28793.640625
29429.929688
28086.970703
27929.289062
28088.320312
28185.259766
28789.550781
28869.960938
29306.759766
29138.919922
28744.810547
29172.210938
28899.970703
29224.439453
29361.320312
29528.789062
29962.880859
30228.080078
30424.759766
30130.470703
28918.519531
29526.699219
29261.109375
29277.349609
28717.039062
28612.75
28207.289062
29466.169922
29283.400391
29703.089844
29048.509766
29515.550781
29071.339844
29634.160156
29981.080078
30057.259766
29987.050781
30089.900391
30912.990234
31787.679688
31467.869141
31689.609375
31545.369141
31715.439453
31726.859375
31417.830078
31649.050781
31302.570312
31192.480469
31375.949219
31910.210938
31785.990234
31795.679688
32095.039062
32039.720703
31847.980469
31746.230469
31009.019531
30623.390625
30270.640625
30281.410156
30551.470703
30958.890625
31223.419922
30762.160156
30751.970703
30674.359375
30637.359375
30887.400391
31336.570312
31542.970703
31486.949219
31796.410156
31526.169922
31126.070312
31245.679688
31068.699219
31314.550781
31414.210938
31647.029297
31837.269531
31975.470703
31636.210938
31492.640625
31448.109375
31726.009766
31149.060547
30933.439453
30898.869141
30446.240234
30475.439453
30413.480469
30354.179688
29925.269531
29618.109375
29847.849609
29533.439453
29464.539062
29291.609375
29569.439453
29199.939453
29295.00
29395.490234
29221.109375
28680.830078
28465.550781
28338.119141
28383.529297
28551.25
28095.789062
27877.330078
27614.539062
27517.109375
27435.800781
27968.820312
28215.859375
28169.769531
27988.470703
27592.240234
27644.75
27644.75
27084.769531
26732.839844
27318.640625
27474.039062
27501.019531
26959.179688
26487.759766
26990.189453
27342.390625
26986.980469
27132.789062
26943.689453
26636.550781
26877.070312
27247.449219
27340.830078
26777.480469
26732.109375
26865.039062
26534.970703
26875.449219
26416.619141
26071.460938
26131.349609
26444.119141
26290.990234
26424.699219
26522.759766
26467.789062
26151.630859
25904.179688
26232.560547
25629.789062
25622.910156
25552.490234
25588.410156
24618.150391
23456.839844
24577.900391
25701.029297
25131.910156
24969.169922
24944.25
25645.50
25593.769531
23955.669922
24888.900391
25117.320312
24027.349609
22989.50
21749.130859
20884.740234
20678.970703
20310.199219
19905.269531
22095.890625
22244.609375
21135.419922
20457.929688
20312.830078
20786.210938
20203.269531
18787.339844
17798.990234
16978.839844
16891.029297
18632.529297
19157.330078
20207.019531
20445.320312
20612.679688
21535.269531
20446.769531
19650.859375
19865.220703
20020.529297
19795.25
18804.949219
19710.099609
19562.140625
19036.230469
18578.380859
18190.699219
18251.410156
19529.25
19297.630859
20025.789062
20201.820312
20534.720703
19533.080078
19802.269531
20147.009766
19916.210938
20081.830078
21168.720703
21439.650391
21689.839844
21408.349609
21050.550781
22032.539062
22572.50
22347.169922
22221.640625
22059.179688
22174.259766
22340.699219
22515.339844
22392.380859
22420.009766
22380.320312
23250.960938
23238.859375
23005.410156
22117.509766
21955.400391
21741.289062
21162.269531
21047.300781
20369.230469
20280.490234
20325.390625
20393.410156
19213.019531
19497.099609
19306.730469
19348.810547
19583.080078
19616.150391
20145.220703
19537.050781
19565.140625
19630.460938
19622.599609
19736.960938
20438.130859
20537.099609
19825.720703
19446.650391
19358.25
19368.099609
19520.869141
18853.929688
18741.269531
18682.470703
18324.230469
17956.400391
18296.109375
18200.699219
18047.160156
17752.179688
16929.800781
17093.25
17824.960938
17365.019531
17043.439453
16964.359375
17543.519531
17790.689453
18864.869141
19437.009766
19325.050781
19620.480469
19596.509766
19363.300781
20346.429688
20242.609375
20272.769531
20542.25
20315.169922
19530.150391
19626.75
19880.369141
20562.589844
20933.779297
20807.210938
20623.419922
20530.630859
21838.960938
21918.599609
21861.359375
22189.199219
22234.839844
21587.490234
21216.939453
21480.009766
21829.330078
22582.169922
21827.109375
21662.529297
22079.339844
21898.849609
23014.050781
23430.240234
23906.130859
23589.400391
24085.580078
23943.019531
23696.490234
23155.009766
23405.929688
23341.720703
23935.490234
24344.619141
24399.599609
23821.259766
24093.240234
24198.960938
24640.080078
24507.810547
24659.240234
24331.710938
25105.630859
25183.830078
24651.320312
24748.029297
24913.009766
24932.880859
25107.429688
25183.720703
25372.849609
25460.019531
24899.689453
24224.830078
24150.939453
24340.650391
24274.720703
23314.679688
23496.390625
23711.240234
24245.710938
24458.230469
24473.529297
24368.380859
24524.009766
24051.460938
24045.390625
23742.490234
23359.939453
23468.980469
23634.269531
23656.259766
23951.960938
24340.650391
25336.330078
25735.560547
25741.960938
26284.060547
26004.019531
26288.210938
26805.419922
26646.369141
26815.300781
26850.75
26516.50
26810.269531
27043.50
27692.480469
27869.919922
28082.630859
27802.410156
28179.550781
28305.320312
27800.800781
28096.019531
28155.490234
27855.429688
27299.580078
27544.320312
27598.369141
27944.240234
28308.960938
28004.269531
28005.460938
28212.849609
28437.259766
28599.919922
28129.949219
27749.160156
27953.339844
28150.089844
28309.550781
28585.25
29190.820312
29100.050781
29318.419922
29448.789062
29383.189453
29625.019531
30017.720703
29942.00
29607.160156
29513.679688
28959.669922
28465.109375
28759.980469
29401.990234
29432.009766
29232.240234
28588.259766
28678.660156
29214.400391
29690.480469
29763.369141
29898.849609
30039.710938
30475.429688
30611.099609
30881.099609
31017.730469
30726.300781
30927.109375
31000.939453
30889.050781
30761.759766
30617.679688
30280.080078
29312.839844
28670.900391
29247.830078
28646.029297
28886.529297
29430.509766
29735.339844
29868.619141
30646.240234
30788.199219
31097.640625
30759.849609
31002.089844
31400.199219
31056.619141
30817.669922
30666.509766
31126.169922
30961.990234
31364.039062
30447.830078
30775.449219
30957.109375
31750.580078
32111.789062
31967.429688
32105.390625
32085.169922
31710.390625
31670.210938
31916.599609
31901.689453
32009.880859
31902.599609
31956.25
31948.410156
31834.070312
31799.230469
32240.320312
32450.230469
32548.529297
32610.509766
32626.289062
32448.740234
32120.470703
32758.529297
32732.759766
32830.160156
33064.570312
32892.039062
32935.378906
32792.660156
32836.078125
32729.580078
32262.300781
32482.730469
32473.050781
32025.339844
31205.300781
30830.910156
30465.060547
30651.560547
30610.830078
30811.349609
30391.609375
30876.650391
31287.039062
30603.710938
30630.730469
30649.439453
30818.480469
30746.050781
30845.630859
31005.740234
31038.320312
31644.769531
31892.119141
32170.789062
32172.109375
32034.339844
31850.240234
31788.539062
31649.099609
31634.539062
31765.140625
32055.039062
32353.539062
32202.00
32436.529297
32520.269531
32514.169922
32505.759766
32602.939453
32578.050781
32723.900391
32798.300781
32969.828125
33022.839844
33142.019531
33361.269531
33160.96875
33164.328125
33147.808594
33416.101562
33399.460938
33266.429688
33648.890625
33801.210938
33632.351562
33567.351562
33840.851562
33852.390625
33819.039062
34113.929688
34134.230469
33621.390625
33439.769531
33813.160156
33517.179688
33658.371094
33853.691406
33771.550781
32679.359375
32952.859375
32861.00
32687.320312
32832.449219
32120.650391
31995.279297
31398.970703
31488.820312
32276.919922
32119.109375
32379.630859
32342.429688
31812.730469
31580.630859
31136.349609
30992.759766
30368.080078
30629.150391
30759.480469
30634.169922
31328.490234
32056.160156
31547.550781
32038.529297
31245.830078
31411.910156
31331.859375
30992.650391
30739.009766
31059.830078
31209.330078
31910.220703
32124.279297
32238.410156
32685.400391
32805.628906
32775.339844
32814.621094
32882.00
32470.699219
32663.289062
32312.759766
32607.130859
32568.189453
31473.199219
31156.970703
31197.039062
31379.669922
31391.449219
31533.580078
32035.189453
31960.640625
32004.310547
31870.550781
32185.199219
32305.710938
32381.060547
31783.390625
31845.880859
32024.269531
32108.990234
32720.759766
32806.03125
32958.890625
32695.310547
32665.560547
32463.720703
32308.740234
32816.519531
32768.078125
32900.480469
32907.191406
32917.921875
32837.570312
32685.519531
32058.570312
32041.130859
32099.75
32119.880859
32286.080078
32408.300781
32153.630859
32291.669922
32142.669922
31364.890625
31453.720703
31217.990234
31755.349609
31382.669922
31679.849609
32339.230469
32417.330078
32592.869141
32746.669922
32448.400391
32409.599609
32518.980469
32626.869141
32921.628906
33058.00
33046.691406
33273.53125
33296.691406
33207.210938
33091.128906
33280.75
33122.441406
33258.53125
33186.761719
33330.339844
33807.480469
34040.171875
34257.398438
34370.640625
34257.808594
34464.820312
34465.410156
34437.390625
34798.648438
34836.50
34741.539062
34919.308594
34452.210938
34880.46875
34965.25
35120.878906
35262.890625
35373.390625
35262.898438
35376.71875
35568.21875
35722.710938
35843.808594
36198.601562
36317.511719
36543.390625
36198.03125
36417.46875
36304.539062
36057.390625
35648.210938
35842.480469
36322.121094
36601.398438
36710.460938
36271.828125
37079.28125
36969.199219
36904.53125
36890.609375
36817.320312
37277.558594
37399.46875
37385.910156
37737.128906
37880.128906
37617.769531
37567.390625
37677.78125
37894.339844
37901.039062
37676.550781
37832.859375
37997.339844
37975.480469
38230.859375
38172.910156
38131.46875
38081.070312
38132.851562
38147.511719
38230.199219
38243.140625
38550.789062
38605.800781
38542.160156
38696.238281
38589.671875
38600.859375
38378.160156
38028.808594
37963.308594
38070.191406
37994.71875
38096.910156
38151.300781
37810.160156
37584.679688
37321.109375
37667.898438
37470.761719
37585.398438
37447.699219
36839.71875
36982.238281
37618.101562
37948.75
37739.078125
37451.839844
37565.648438
36986.941406
36652.128906
37011.488281
36998.929688
36951.25
37074.929688
37226.429688
37522.300781
37242.050781
36781.550781
36464.070312
36446.558594
36880.199219
37019.699219
36768.089844
36863.53125
37132.980469
36900.839844
36603.300781
36688.121094
36450.191406
35891.410156
36091.21875
36205.761719
36012.171875
35655.308594
35621.679688
35418.50
35925.351562
36546.621094
36872.378906
36784.269531
36767.859375
36795.890625
37210.269531
37440.511719
37775.070312
37903.578125
37832.960938
37861.808594
37471.539062
37471.71875
37590.671875
37321.800781
37347.691406
37069.960938
36988.378906
36332.101562
36440.21875
36816.308594
36860.679688
36892.238281
36826.929688
36722.640625
36962.621094
36592.609375
35873.210938
35531.21875
35325.089844
35212.230469
35467.011719
35678.921875
35380.53125
35161.261719
35045.140625
35130.601562
34819.570312
35364.328125
35276.46875
35298.671875
35215.019531
35382.558594
35498.421875
35742.210938
35819.199219
35639.378906
35832.789062
35410.511719
35416.25
35123.890625
34673.480469
34895.828125
34879.070312
35233.398438
34963.78125
34997.96875
35445.648438
35318.390625
35220.988281
35025.738281
35109.96875
35276.601562
35399.441406
35326.660156
35347.851562
35601.730469
36188.910156
36579.589844
36558.070312
36800.71875
36847.101562
36640.929688
36468.011719
36583.289062
36499.851562
36359.488281
36178.589844
36254.699219
36164.609375
36155.859375
35781.429688
35752.019531
35341.671875
35555.828125
35755.480469
35479.671875
35341.269531
35597.628906
35917.800781
35999.339844
35730.710938
34814.941406
34484.371094
33322.628906
33697.871094
31740.130859
32381.550781
32219.330078
33590.328125
33361.50
33901.078125
33948.480469
34049.578125
33246.628906
33136.890625
33593.648438
34675.53125
34644.921875
33904.378906
34042.21875
35016.039062
35148.910156
35721.101562
35637.859375
35134.429688
33880.019531
34439.339844
35179.589844
34712.378906
33812.621094
33792.558594
33947.621094
34661.78125
35181.441406
35076.960938
34337.96875
34019.21875
32381.060547
32588.429688
33385.941406
33783.679688
33438.160156
33686.160156
33503.28125
33133.878906
32966.230469
33000.289062
33279.71875
33005.089844
33547.238281
33681.800781
34470.359375
34584.75
34848.421875
34125.699219
35011.710938
34523.269531
34395.50
35020.738281
35265.558594
35290.148438
35818.578125
36727.210938
36708.640625
36159.988281
35742.570312
36579.070312
36689.378906
37024.609375
37351.808594
36553.851562
36615.070312
37555.648438
37069.898438
37293.378906
36708.410156
36110.679688
36284.199219
35969.609375
35375.609375
35323.601562
34573.039062
35558.179688
35708.710938
36829.148438
36567.628906
36756.058594
37103.171875
37071.171875
37054.558594
36641.308594
37227.210938
36471.441406
36012.671875
36006.898438
36054.628906
35587.78125
36239.390625
36628.058594
37066.769531
37041.421875
37091.421875
36644.859375
37185.730469
37077.519531
37335.03125
37384.339844
37387.628906
37017.949219
36804.050781
36785.339844
37190.898438
37307.640625
37320.96875
36548.558594
36916.160156
36601.199219
37506.761719
37680.058594
37384.210938
37195.730469
36853.300781
37212.859375
37240.78125
37184.710938
37241.609375
37422.679688
37709.648438
37711.160156
38092.808594
38062.421875
38140.550781
38242.28125
38149.21875
38204.328125
37831.871094
37864.550781
38212.238281
37914.699219
38296.679688
37859.480469
37912.550781
38027.839844
37945.21875
37785.71875
38021.421875
37816.691406
38033.449219
38327.429688
38155.269531
37487.628906
37548.539062
37815.429688
37691.011719
37590.171875
38019.761719
37971.441406
38134.570312
38258.449219
38055.269531
38434.511719
38323.511719
38334.898438
38863.148438
38956.320312
38910.679688
39125.351562
39521.238281
39908.539062
39924.929688
39398.878906
39432.148438
39035.171875
39167.140625
39357.808594
38444.011719
39054.839844
39355.171875
39330.121094
39395.640625
39354.859375
38961.789062
38849.078125
39066.011719
39212.160156
39324.140625
39461.00
39597.421875
39580.050781
39408.609375
40045.511719
39214.640625
39122.820312
39170.898438
38888.789062
38352.109375
37939.628906
37511.078125
37261.238281
36875.328125
37512.410156
37481.191406
37422.378906
37553.210938
37486.25
37642.800781
38126.851562
38070.671875
37872.949219
37182.371094
37059.78125
37089.359375
37274.789062
37247.339844
37323.910156
37035.75
37271.00
37142.148438
37440.480469
37738.578125
38060.820312
38688.648438
38973.640625
38515.941406
39071.50
39157.511719
39339.148438
39490.679688
39637.660156
40199.550781
40108.921875
40434.710938
40353.429688
40040.691406
39831.648438
39963.261719
40049.589844
40221.800781
40268.410156
40498.46875
40910.800781
41273.019531
40747.46875
40752.53125
40808.730469
40947.550781
40697.871094
40435.101562
40977.320312
41476.480469
41333.109375
40704.28125
40805.398438
40759.00
40998.398438
41096.441406
41070.238281
40851.179688
40677.480469
40850.00
40366.269531
40644.96875
40792.589844
40714.871094
40547.488281
40350.00
40096.640625
40027.128906
39879.011719
40211.410156
39972.851562
39950.898438
39908.898438
39925.691406
39421.648438
39802.941406
39549.429688
39573.921875
39987.058594
40043.871094
39991.191406
39998.96875
40248.378906
40655.609375
40693.46875
40621.460938
40590.960938
40941.308594
40500.351562
40338.699219
40561.21875
40215.351562
40332.980469
40729.699219
40799.238281
41124.558594
41199.289062
41004.839844
41421.738281
41934.078125
41756.960938
41755.160156
41470.050781
41745.390625
41665.480469
42008.550781
42518.351562
42559.980469
42592.78125
42386.828125
42122.25
42041.140625
42095.160156
41877.269531
41836.921875
41817.109375
41599.00
41619.960938
41761.78125
41722.140625
41720.621094
41010.980469
40830.648438
40677.070312
40859.898438
41078.50
40750.421875
40573.660156
40830.601562
41184.00
41668.058594
42032.351562
41919.550781
41878.269531
41769.378906
41912.949219
42090.691406
41833.519531
42323.839844
42337.820312
42416.289062
42589.679688
42797.671875
43134.511719
43183.28125
43006.308594
43050.921875
43338.328125
43825.96875
43647.988281
43637.679688
43621.621094
43533.449219
43495.738281
43469.890625
43721.929688
43705.828125
44304.171875
44370.640625
44562.328125
44625.929688
44571.199219
44862.539062
44859.800781
44888.128906
44862.921875
44748.058594
44865.300781
44943.339844
45212.53125
45223.851562
45320.300781
45442.980469
45428.699219
45575.859375
45912.511719
45907.980469
45753.179688
45278.058594
45768.488281
45768.488281
45688.121094
45570.710938
45019.210938
45089.359375
45063.878906
44873.441406
44096.269531
43878.28125
44152.960938
44141.921875
44639.761719
44299.558594
44136.601562
43875.730469
43497.199219
43489.199219
43772.890625
44120.988281
43995.71875
43871.308594
44017.121094
44159.648438
43968.601562
44322.511719
44013.300781
43965.410156
43278.109375
43348.519531
42605.050781
42060.609375
42497.96875
42531.070312
42686.679688
42900.828125
43664.730469
44077.089844
43932.519531
44113.50
43717.570312
43566.691406
43244.25
43430.988281
43973.179688
44380.828125
44408.429688
44004.269531
42984.378906
43223.691406
42610.910156
42460.210938
42808.171875
42914.199219
43113.609375
42294.929688
42547.46875
41897.00
41910.53125
42263.480469
42090.011719
42602.070312
42197.988281
42406.671875
42102.140625
41682.640625
41741.539062
41766.910156
41925.140625
41905.230469
41761.109375
41806.730469
41080.429688
40548.441406
40119.019531
40505.269531
40521.269531
40144.648438
40764.039062
40638.96875
40984.50
41588.320312
41094.820312
40750.398438
40226.328125
40579.078125
40232.679688
40721.351562
39890.238281
39480.351562
39481.46875
39269.300781
39549.460938
39459.980469
39044.949219
37517.230469
38036.460938
37517.359375
37901.769531
38805.269531
39650.75
40623.300781
41176.800781
40832.480469
40828.851562
41200.398438
40623.089844
40071.640625
40221.00
39999.019531
40479.828125
40329.808594
40322.320312
39659.511719
40240.191406
40245.308594
39891.671875
40117.671875
40790.160156
40839.039062
40752.089844
41064.578125
40341.859375
40236.550781
40837.878906
41863.761719
42051.601562
41918.410156
41914.820312
42246.50
42712.050781
42648.738281
42124.839844
42366.449219
42430.109375
42155.339844
42049.699219
41484.25
41825.398438
41458.160156
41007.429688
40925.128906
40419.929688
39656.00
39248.070312
39162.488281
39492.371094
40129.039062
39541.511719
39773.53125
39686.449219
39915.058594
40953.851562
41732.980469
41640.53125
40785.679688
41122.46875
41137.671875
41902.199219
41752.261719
41225.980469
41314.679688
41209.949219
41724.03125
41327.578125
40903.648438
40185.230469
41335.269531
41300.660156
40841.128906
40909.539062
40451.160156
39916.839844
39866.171875
40489.949219
40975.371094
40882.089844
40218.320312
40355.269531
40199.46875
40412.691406
40345.78125
40813.480469
40552.589844
40246.730469
40671.609375
41125.019531
41284.378906
41050.089844
41038.648438
41079.609375
41013.71875
40304.449219
40280.089844
40009.898438
39864.160156
39686.828125
39594.640625
39765.921875
40306.699219
41034.109375
40643.25
40795.558594
40998.371094
41199.019531
40948.359375
41002.679688
41872.589844
42160.421875
42499.128906
42138.550781
41876.859375
42003.648438
41910.078125
41925.539062
42289.230469
42490.101562
42304.550781
41884.828125
42054.019531
41758.550781
42079.871094
42198.320312
42183.769531
42508.03125
42585.660156
42540.320312
42753.21875
42958.820312
42727.089844
42188.449219
42064.96875
41525.949219
41778.601562
41515.488281
41585.539062
42458.511719
42158.621094
42439.789062
42511.25
42172.730469
41911.308594
41976.371094
41838.628906
42062.820312
41531.800781
40979.800781
40863.410156
40660.929688
40689.898438
41008.300781
40879.75
40085.519531
39880.871094
40288.78125
40525.738281
40116.359375
40759.621094
40690.058594
40308.960938
40710.890625
40735.480469
40421.859375
40006.421875
39654.230469
39724.578125
39792.710938
39023.648438
38605.621094
38912.929688
38782.890625
38534.820312
39084.359375
39021.070312
39176.300781
38913.039062
38671.011719
38689.570312
38634.828125
38037.50
37950.96875
38814.691406
38811.941406
39616.191406
40021.730469
39821.710938
39793.019531
39761.300781
39911.011719
40048.199219
40461.601562
40470.011719
40900.53125
40563.058594
40598.339844
40595.699219
40906.828125
40937.769531
40447.960938
40380.789062
40530.691406
40481.800781
40890.53125
40654.070312
40468.199219
40296.980469
40407.929688
40198.398438
40136.570312
40702.671875
40711.558594
40967.949219
41047.878906
41470.820312
41803.128906
41659.910156
41641.109375
42086.171875
42236.828125
42144.511719
41561.828125
41898.839844
41840.050781
41805.101562
41828.980469
41943.960938
41917.921875
42004.578125
41958.96875
41960.449219
42009.921875
41362.511719
41936.710938
42126.089844
41953.300781
42173.03125
42778.261719
43009.988281
43045.269531
42944.808594
42617.621094
42485.660156
42596.25
42612.640625
42802.601562
42957.359375
42865.71875
42916.730469
42884.761719
42854.191406
42613.800781
42493.859375
42737.171875
42872.839844
43279.480469
43660.699219
43518.058594
43452.550781
43403.429688
43686.75
43474.289062
43481.828125
43967.441406
43960.429688
44009.230469
43920.761719
44278.898438
44125.730469
44257.089844
44199.011719
44420.378906
44386.621094
44544.96875
44481.289062
44311.058594
43817.691406
43986.109375
44594.660156
44481.679688
44425.769531
44116.148438
44105.949219
44679.160156
44734.039062
44723.960938
44793.019531
44629.328125
44854.808594
44962.878906
45248.050781
45410.359375
45374.988281
45504.339844
45464.75
45601.00
45501.28125
45628.089844
45438.039062
45825.058594
46049.328125
46313.398438
46231.441406
46357.238281
45915.171875
45894.050781
45672.601562
45799.699219
45861.839844
46043.621094
46168.640625
45761.898438
45302.00
45015.171875
45116.941406
44781.121094
44884.328125
44898.191406
44985.660156
44364.960938
44254.429688
44678.140625
44820.851562
44536.621094
44487.96875
44082.171875
43435.730469
43088.671875
43179.851562
42984.949219
42907.621094
43273.50
43213.898438
43630.578125
43450.75
43691.058594
43665.539062
43810.511719
44039.640625
44238.941406
44599.269531
45027.519531
45184.761719
44884.429688
45071.980469
44849.859375
44614.660156
44523.00
44300.828125
43744.570312
43743.800781
43372.011719
43491.449219
44118.128906
44209.421875
44633.28125
44621.070312
44441.019531
44672.199219
44689.210938
44190.46875
43392.070312
43008.070312
43112.289062
42816.148438
43230.339844
42941.828125
42339.628906
41372.660156
41714.570312
40334.589844
40225.078125
41004.441406
42475.671875
42529.890625
43187.640625
43018.75
43145.660156
42115.46875
41099.371094
41329.410156
41813.929688
42402.308594
42382.410156
41780.78125
41478.261719
40984.21875
40998.769531
41402.011719
41285.578125
41752.671875
42488.730469
43121.28125
42649.71875
42737.851562
42627.820312
42158.070312
41862.328125
40950.578125
40950.578125
41572.238281
41710.820312
42453.640625
42715.429688
42810.289062
42635.191406
41933.261719
43045.511719
43072.421875
42959.558594
43251.789062
43053.648438
43231.421875
43551.261719
43675.871094
43921.550781
43802.070312
44416.488281
44190.171875
43882.710938
43600.371094
43296.550781
43517.789062
43280.808594
43251.398438
42972.148438
43227.199219
44055.890625
44002.289062
44002.289062
43761.359375
44360.871094
44118.171875
43968.148438
43952.710938
44051.210938
43630.960938
43229.160156
43637.96875
43922.828125
43724.78125
44202.941406
44202.941406
44850.058594
44987.871094
44980.558594
44913.269531
44882.011719
44994.558594
45004.519531
45262.941406
45480.230469
45012.371094
45077.808594
45296.910156
45232.039062
45418.828125
45773.308594
45512.378906
45338.359375
44942.230469
44582.390625
44582.390625
45238.46875
45091.328125
44853.261719
44768.800781
45125.949219
45179.96875
44950.488281
45038.140625
45271.460938
45332.800781
45408.339844
45311.75
45283.46875
45097.390625
44874.039062
44852.289062
44401.398438
44682.589844
44807.308594
44703.621094
44760.101562
44931.480469
44732.71875
44561.109375
44561.941406
44544.050781
44519.210938
44578.28125
44624.738281
44692.50
44395.761719
44722.28125
44792.039062
45120.789062
44973.410156
45224.980469
45454.148438
45424.941406
45377.121094
45566.328125
44710.351562
45053.699219
44928.519531
45175.578125
45065.46875
44794.011719
45017.75
44497.738281
44564.320312
44915.980469
44990.390625
45136.691406
45107.128906
45344.898438
45325.378906
45567.988281
45401.230469
44670.421875
44836.328125
44249.488281
43713.71875
44222.96875
44471.289062
44373.308594
44752.929688
44903.949219
45177.980469
44937.609375
44921.21875
44862.140625
45320.691406
44379.789062
44032.378906
43870.53125
43746.71875
43953.480469
43872.121094
43473.738281
43036.589844
42163.820312
41471.46875
42010.890625
42323.039062
43452.359375
43290.859375
43721.960938
42911.511719
42969.929688
43283.46875
42742.859375
42756.261719
43083.941406
42754.679688
42888.511719
42780.730469
42827.351562
43269.621094
43790.929688
43565.050781
43618.140625
43232.058594
43042.359375
42596.558594
42435.230469
41893.511719
42121.511719
42632.539062
42695.738281
42735.148438
43566.320312
43561.421875
43832.03125
44076.941406
44375.621094
44314.25
44318.191406
44064.429688
44087.589844
44364.160156
44523.011719
44653.859375
44426.070312
44627.96875
45010.238281
45036.519531
44698.011719
44741.679688
44634.808594
44542.761719
45354.589844
45373.171875
45195.648438
45243.851562
44479.230469
44359.890625
44347.910156
44120.519531
43617.730469
44184.648438
44505.589844
44620.601562
44895.019531
44779.140625
44576.230469
44138.75
44374.519531
44247.980469
43418.550781
43984.898438
43417.050781
43027.300781
42994.230469
42655.238281
42236.738281
42398.058594
42447.769531
42000.628906
41901.960938
42905.199219
43429.71875
43503.519531
42936.628906
43160.609375
43328.71875
43579.671875
43528.269531
43396.160156
43391.78125
43012.371094
42977.50
42113.699219
42041.679688
41691.191406
40661.570312
40265.371094
40706.890625
41022.738281
41008.78125
41352.75
40847.699219
40604.789062
40809.25
40844.410156
41166.878906
41621.308594
41476.351562
41932.390625
42109.890625
42393.019531
43630.769531
43092.488281
43257.539062
43751.929688
43229.671875
42774.851562
42399.191406
42535.738281
42359.261719
42416.441406
43205.910156
43100.320312
43585.230469
43516.660156
43375.308594
43546.71875
43216.578125
42744.910156
43434.550781
43473.371094
43714.929688
44214.50
44615.75
44742.21875
44849.019531
44967.160156
44504.289062
44492.50
44337.039062
44617.738281
44691.800781
44210.441406
44751.398438
45435.089844
